source:configs/../inputs/camTrack_Latest.asci fps:25.0 fx:0.9722222222222222 fy:1.4583333333333333 cx:0.5 cy:0.5 width:1920 height:1080 unit_scale:0.2
0.000000000000 0.972222222222 1.458333333333 0.500000000000 0.500000000000 1920.000000000000 1080.000000000000 -0.215243957366 -0.020946198497 -0.976335646991 0.792756976135 0.004364671552 0.999739324729 -0.022410538411 -0.030357696138 0.976550556018 -0.009085117398 -0.215096425313 0.328328840478
40000.000000000000 0.972222222222 1.458333333333 0.500000000000 0.500000000000 1920.000000000000 1080.000000000000 -0.218343299641 -0.020830516397 -0.975649677440 0.786485260108 0.004417618572 0.999740816060 -0.022333502876 -0.030575278351 0.975862023110 -0.009186418846 -0.218194687288 0.326437345551
80000.000000000000 0.972222222222 1.458333333333 0.500000000000 0.500000000000 1920.000000000000 1080.000000000000 -0.221278760578 -0.020716697155 -0.974990527429 0.785726359722 0.004470198018 0.999742284920 -0.022257157804 -0.030697972702 0.975200352464 -0.009283437016 -0.221129125966 0.322417999127
120000.000000000000 0.972222222222 1.458333333333 0.500000000000 0.500000000000 1920.000000000000 1080.000000000000 -0.223929564817 -0.020605336589 -0.974387484579 0.788641561663 0.004522623669 0.999743743620 -0.022180914504 -0.030751585233 0.974594836779 -0.009373750433 -0.223778991254 0.317791314461
160000.000000000000 0.972222222222 1.458333333333 0.500000000000 0.500000000000 1920.000000000000 1080.000000000000 -0.225921743683 -0.020500257329 -0.973929722917 0.788067999350 0.004574593910 0.999745192713 -0.022104812535 -0.030897942618 0.974134712872 -0.009449290771 -0.225770396824 0.311303689815
200000.000000000000 0.972222222222 1.458333333333 0.500000000000 0.500000000000 1920.000000000000 1080.000000000000 -0.227549661655 -0.020398612092 -0.973552796773 0.788060886356 0.004626123833 0.999746635259 -0.022028714608 -0.031037307552 0.973755488025 -0.009516402352 -0.227397642088 0.304503396847
240000.000000000000 0.972222222222 1.458333333333 0.500000000000 0.500000000000 1920.000000000000 1080.000000000000 -0.228784178950 -0.020300386832 -0.973265479587 0.788312175963 0.004677293553 0.999748079172 -0.021952246283 -0.031167113808 0.973465932833 -0.009574574996 -0.228631592582 0.298288166500
280000.000000000000 0.972222222222 1.458333333333 0.500000000000 0.500000000000 1920.000000000000 1080.000000000000 -0.229954813228 -0.020201774414 -0.972991609514 0.789981377803 0.004728173340 0.999749537745 -0.021874783545 -0.031238980499 0.973189821284 -0.009630684753 -0.229801700736 0.295277776644
320000.000000000000 0.972222222222 1.458333333333 0.500000000000 0.500000000000 1920.000000000000 1080.000000000000 -0.230984012171 -0.020102861747 -0.972749845063 0.791128363656 0.004779001951 0.999751024071 -0.021795664908 -0.031352651711 0.972945809006 -0.009683223535 -0.230830431097 0.289310366064
360000.000000000000 0.972222222222 1.458333333333 0.500000000000 0.500000000000 1920.000000000000 1080.000000000000 -0.231625765164 -0.020007668058 -0.972599197065 0.790609017450 0.004829031450 0.999752511015 -0.021716288219 -0.031533116540 0.972792981763 -0.009726763986 -0.231471822680 0.280208973742
400000.000000000000 0.972222222222 1.458333333333 0.500000000000 0.500000000000 1920.000000000000 1080.000000000000 -0.232106657761 -0.019914304109 -0.972486462587 0.787907639447 0.004878070956 0.999753993220 -0.021636946745 -0.031756006640 0.972678109061 -0.009765937361 -0.231952414561 0.271663406535
440000.000000000000 0.972222222222 1.458333333333 0.500000000000 0.500000000000 1920.000000000000 1080.000000000000 -0.232692358025 -0.019820388063 -0.972348403986 0.789209919413 0.004925818308 0.999755467798 -0.021557850593 -0.031870662328 0.972537918454 -0.009805958659 -0.232537825620 0.266397024487
480000.000000000000 0.972222222222 1.458333333333 0.500000000000 0.500000000000 1920.000000000000 1080.000000000000 -0.233255151244 -0.019727122822 -0.972215446824 0.792913757291 0.004972256868 0.999756936908 -0.021478914455 -0.031936793370 0.972402854315 -0.009844172372 -0.233100367204 0.261367612356
520000.000000000000 0.972222222222 1.458333333333 0.500000000000 0.500000000000 1920.000000000000 1080.000000000000 -0.233697811646 -0.019636585432 -0.972110969666 0.797687930317 0.005016806698 0.999758382797 -0.021401113958 -0.031979619166 0.972296335734 -0.009878286322 -0.233542833281 0.256198251956
560000.000000000000 0.972222222222 1.458333333333 0.500000000000 0.500000000000 1920.000000000000 1080.000000000000 -0.234099730469 -0.019549144953 -0.972016022052 0.800596658306 0.005058983010 0.999759785408 -0.021325528646 -0.032096824886 0.972199425471 -0.009909713049 -0.233944597506 0.246655589824
600000.000000000000 0.972222222222 1.458333333333 0.500000000000 0.500000000000 1920.000000000000 1080.000000000000 -0.234277487961 -0.019467734018 -0.971974827846 0.804413766522 0.005098129935 0.999761129256 -0.021253082105 -0.032214750648 0.972156400846 -0.009934372653 -0.234122276886 0.234454366487
640000.000000000000 0.972222222222 1.458333333333 0.500000000000 0.500000000000 1920.000000000000 1080.000000000000 -0.234309428483 -0.019391515799 -0.971968652189 0.803554560657 0.005134129945 0.999762417746 -0.021183691188 -0.032338395754 0.972148513569 -0.009953751938 -0.234154202159 0.230297418577
680000.000000000000 0.972222222222 1.458333333333 0.500000000000 0.500000000000 1920.000000000000 1080.000000000000 -0.234360732275 -0.019315423696 -0.971957798248 0.801786860742 0.005167692693 0.999763718040 -0.021114048461 -0.032460960383 0.972135968947 -0.009971083071 -0.234205540888 0.227847688220
720000.000000000000 0.972222222222 1.458333333333 0.500000000000 0.500000000000 1920.000000000000 1080.000000000000 -0.234444862212 -0.019239161862 -0.971939021355 0.802865484526 0.005198944037 0.999765032436 -0.021044022878 -0.032531754839 0.972115516574 -0.009986719623 -0.234289751948 0.225047044716
760000.000000000000 0.972222222222 1.458333333333 0.500000000000 0.500000000000 1920.000000000000 1080.000000000000 -0.234531786635 -0.019162027563 -0.971919573708 0.805666182863 0.005228063480 0.999766381033 -0.020972618074 -0.032603538887 0.972094392747 -0.010000002816 -0.234376815265 0.218873549891
800000.000000000000 0.972222222222 1.458333333333 0.500000000000 0.500000000000 1920.000000000000 1080.000000000000 -0.234658913953 -0.019084986518 -0.971890404002 0.807682558102 0.005254802298 0.999767737241 -0.020901163241 -0.032750162622 0.972063568474 -0.010011736195 -0.234504123595 0.206639914268
840000.000000000000 0.972222222222 1.458333333333 0.500000000000 0.500000000000 1920.000000000000 1080.000000000000 -0.234735246481 -0.019010003179 -0.971873440237 0.806510878110 0.005278730831 0.999769083660 -0.020830611068 -0.032956005262 0.972045008763 -0.010019936916 -0.234580693587 0.194115864927
880000.000000000000 0.972222222222 1.458333333333 0.500000000000 0.500000000000 1920.000000000000 1080.000000000000 -0.234783182179 -0.018936466581 -0.971863296765 0.804728293433 0.005300046196 0.999770426809 -0.020760616287 -0.033189566494 0.972033315723 -0.010025163925 -0.234628918107 0.179624774041
920000.000000000000 0.972222222222 1.458333333333 0.500000000000 0.500000000000 1920.000000000000 1080.000000000000 -0.234681827378 -0.018865682597 -0.971889153103 0.803809089903 0.005318638654 0.999771766866 -0.020691212159 -0.033451532514 0.972057689636 -0.010024978697 -0.234527925460 0.160124688951
960000.000000000000 0.972222222222 1.458333333333 0.500000000000 0.500000000000 1920.000000000000 1080.000000000000 -0.234624045321 -0.018795433219 -0.971904464980 0.807124429311 0.005334811388 0.999773105835 -0.020622236440 -0.033644654963 0.972071549396 -0.010023399545 -0.234470540403 0.139294441561
1000000.000000000000 0.972222222222 1.458333333333 0.500000000000 0.500000000000 1920.000000000000 1080.000000000000 -0.234581878762 -0.018725470167 -0.971915993759 0.811101277533 0.005348721495 0.999774453645 -0.020553175347 -0.033762115571 0.972081649521 -0.010019910455 -0.234428812349 0.124510303988
1040000.000000000000 0.972222222222 1.458333333333 0.500000000000 0.500000000000 1920.000000000000 1080.000000000000 -0.234569186574 -0.018653866291 -0.971920433977 0.813209864251 0.005361104993 0.999775840393 -0.020482370973 -0.033893282733 0.972084644084 -0.010015100589 -0.234416600302 0.111859958637
1080000.000000000000 0.972222222222 1.458333333333 0.500000000000 0.500000000000 1920.000000000000 1080.000000000000 -0.234552313296 -0.018581174459 -0.971925898556 0.815724113420 0.005371971730 0.999777261337 -0.020410037575 -0.034025273801 0.972088655549 -0.010008379978 -0.234400251884 0.098155969642
1120000.000000000000 0.972222222222 1.458333333333 0.500000000000 0.500000000000 1920.000000000000 1080.000000000000 -0.234580321501 -0.018506477144 -0.971920564176 0.818717462146 0.005381589556 0.999778722073 -0.020335815298 -0.034135816462 0.972081843909 -0.010000859648 -0.234428819790 0.085578341293
1160000.000000000000 0.972222222222 1.458333333333 0.500000000000 0.500000000000 1920.000000000000 1080.000000000000 -0.234597810328 -0.018430607267 -0.971917784643 0.823504581603 0.005389891873 0.999780217434 -0.020259957872 -0.034225105715 0.972077577385 -0.009991473523 -0.234446910839 0.071762792458
1200000.000000000000 0.972222222222 1.458333333333 0.500000000000 0.500000000000 1920.000000000000 1080.000000000000 -0.234633645227 -0.018353879926 -0.971910586226 0.826742702985 0.005396676318 0.999781736456 -0.020183045702 -0.034319366725 0.972068890775 -0.009980708428 -0.234483383307 0.060493447469
1240000.000000000000 0.972222222222 1.458333333333 0.500000000000 0.500000000000 1920.000000000000 1080.000000000000 -0.234562273534 -0.018276690439 -0.971929268219 0.824101480818 0.005402352758 0.999783293193 -0.020104259168 -0.034518913986 0.972086083852 -0.009966405500 -0.234412705164 0.049744195372
1280000.000000000000 0.972222222222 1.458333333333 0.500000000000 0.500000000000 1920.000000000000 1080.000000000000 -0.234185109716 -0.018203562477 -0.972021586540 0.820115050243 0.005406129432 0.999784843880 -0.020025975918 -0.034793596570 0.972176994251 -0.009944659876 -0.234036312542 0.033699751795
1320000.000000000000 0.972222222222 1.458333333333 0.500000000000 0.500000000000 1920.000000000000 1080.000000000000 -0.233602948923 -0.018132323703 -0.972162991011 0.819158856856 0.005409290399 0.999786398562 -0.019947351402 -0.035020661717 0.972317027431 -0.009918472044 -0.233454967993 0.016468632407
1360000.000000000000 0.972222222222 1.458333333333 0.500000000000 0.500000000000 1920.000000000000 1080.000000000000 -0.232597620496 -0.018066244715 -0.972405243580 0.823098615904 0.005411343071 0.999787940276 -0.019869369527 -0.035142492949 0.972558000484 -0.009883586450 -0.232450533261 0.000245940888
1400000.000000000000 0.972222222222 1.458333333333 0.500000000000 0.500000000000 1920.000000000000 1080.000000000000 -0.231775097518 -0.017997437694 -0.972602897593 0.827383262311 0.005414915844 0.999789477225 -0.019790904920 -0.035230103104 0.972754328110 -0.009853601758 -0.231628848970 -0.013523966195
1440000.000000000000 0.972222222222 1.458333333333 0.500000000000 0.500000000000 1920.000000000000 1080.000000000000 -0.229990868991 -0.017937242713 -0.973027469039 0.830422849551 0.005419237546 0.999791021702 -0.019711539480 -0.035352378238 0.973177698083 -0.009806541087 -0.229845599711 -0.029219585408
1480000.000000000000 0.972222222222 1.458333333333 0.500000000000 0.500000000000 1920.000000000000 1080.000000000000 -0.227326558761 -0.017888385210 -0.973654271986 0.834382147231 0.005423891757 0.999792503236 -0.019634965538 -0.035525183987 0.973803479702 -0.009744544527 -0.227182364570 -0.053144405729
1520000.000000000000 0.972222222222 1.458333333333 0.500000000000 0.500000000000 1920.000000000000 1080.000000000000 -0.224173042585 -0.017844270930 -0.974385975357 0.837231456412 0.005428706627 0.999793975162 -0.019558537100 -0.035667555030 0.974534235480 -0.009674152371 -0.224029986059 -0.072141111740
1560000.000000000000 0.972222222222 1.458333333333 0.500000000000 0.500000000000 1920.000000000000 1080.000000000000 -0.219794735507 -0.017815515111 -0.975383453655 0.836798169077 0.005432675520 0.999795377554 -0.019485611596 -0.035785888591 0.975531014515 -0.009581776658 -0.219652974658 -0.084428851783
1600000.000000000000 0.972222222222 1.458333333333 0.500000000000 0.500000000000 1920.000000000000 1080.000000000000 -0.214258990877 -0.017795731806 -0.976614763741 0.836486029871 0.005436600382 0.999796809826 -0.019410884521 -0.035859509537 0.976761756113 -0.009468420727 -0.214118707273 -0.092426436200
1640000.000000000000 0.972222222222 1.458333333333 0.500000000000 0.500000000000 1920.000000000000 1080.000000000000 -0.208400282917 -0.017779855650 -0.977881996364 0.835223916848 0.005439627478 0.999798213541 -0.019337596859 -0.035957078995 0.978028492700 -0.009349274434 -0.208261514771 -0.101498997274
1680000.000000000000 0.972222222222 1.458333333333 0.500000000000 0.500000000000 1920.000000000000 1080.000000000000 -0.202165303031 -0.017764773533 -0.979190279298 0.832541259286 0.005442632395 0.999799649351 -0.019262370323 -0.036076302413 0.979336289536 -0.009223555669 -0.202028111949 -0.109914714821
1720000.000000000000 0.972222222222 1.458333333333 0.500000000000 0.500000000000 1920.000000000000 1080.000000000000 -0.195792445087 -0.017752616719 -0.980484657221 0.831973756255 0.005444476816 0.999801039380 -0.019189562974 -0.036132166756 0.980630244342 -0.009095397440 -0.195656836390 -0.115980472484
1760000.000000000000 0.972222222222 1.458333333333 0.500000000000 0.500000000000 1920.000000000000 1080.000000000000 -0.189158823226 -0.017739460616 -0.981786255319 0.830817658584 0.005446537282 0.999802468705 -0.019114361195 -0.036141388247 0.981931400266 -0.008962985513 -0.189024839805 -0.115442054850
1800000.000000000000 0.972222222222 1.458333333333 0.500000000000 0.500000000000 1920.000000000000 1080.000000000000 -0.182244229739 -0.017727971445 -0.983093464405 0.828960234527 0.005448087545 0.999803893129 -0.019039265404 -0.036191888732 0.983238200575 -0.008825775517 -0.182111906852 -0.117911877436
1840000.000000000000 0.972222222222 1.458333333333 0.500000000000 0.500000000000 1920.000000000000 1080.000000000000 -0.176069225032 -0.017708602999 -0.984218488638 0.826425131676 0.005449173933 0.999805320199 -0.018963865786 -0.036301920501 0.984362704749 -0.008702130885 -0.175938450653 -0.124564253245
1880000.000000000000 0.972222222222 1.458333333333 0.500000000000 0.500000000000 1920.000000000000 1080.000000000000 -0.169878348671 -0.017689166170 -0.985306267134 0.823076335650 0.005449405794 0.999806735511 -0.018889033959 -0.036422753786 0.985449973682 -0.008578171578 -0.169749121774 -0.130725330301
1920000.000000000000 0.972222222222 1.458333333333 0.500000000000 0.500000000000 1920.000000000000 1080.000000000000 -0.163318047956 -0.017672720672 -0.986415171292 0.818776249201 0.005448550144 0.999808140423 -0.018814772020 -0.036526896530 0.986558426305 -0.008447324362 -0.163190423120 -0.133261322933
1960000.000000000000 0.972222222222 1.458333333333 0.500000000000 0.500000000000 1920.000000000000 1080.000000000000 -0.157097804514 -0.017652658831 -0.987425269807 0.820096168156 0.005446468178 0.999809545135 -0.018740582761 -0.036539823333 0.987568030974 -0.008322084717 -0.156971739828 -0.136007145933
2000000.000000000000 0.972222222222 1.458333333333 0.500000000000 0.500000000000 1920.000000000000 1080.000000000000 -0.151048735973 -0.017630491736 -0.988369083451 0.821613719189 0.005443013759 0.999810951188 -0.018666426712 -0.036535225675 0.988511331732 -0.008199246680 -0.150924217380 -0.136642623899
2040000.000000000000 0.972222222222 1.458333333333 0.500000000000 0.500000000000 1920.000000000000 1080.000000000000 -0.144920727587 -0.017608439525 -0.989286574039 0.821024261518 0.005438063621 0.999812357235 -0.018592411995 -0.036514899901 0.989428324933 -0.008074229203 -0.144797778447 -0.130346830039
2080000.000000000000 0.972222222222 1.458333333333 0.500000000000 0.500000000000 1920.000000000000 1080.000000000000 -0.139095695951 -0.017583478997 -0.990122825024 0.819416105980 0.005431762318 0.999813760420 -0.018518650973 -0.036536467076 0.990264047275 -0.007953976496 -0.138974281548 -0.125761267818
2120000.000000000000 0.972222222222 1.458333333333 0.500000000000 0.500000000000 1920.000000000000 1080.000000000000 -0.134027645849 -0.017554003810 -0.990822106686 0.818840856732 0.005423900079 0.999815127368 -0.018447015858 -0.036607406435 0.990962749782 -0.007846530211 -0.133907656643 -0.128450061277
2160000.000000000000 0.972222222222 1.458333333333 0.500000000000 0.500000000000 1920.000000000000 1080.000000000000 -0.129881784772 -0.017519840421 -0.991374690607 0.820800943084 0.005414563138 0.999816441668 -0.018378396993 -0.036674021858 0.991514702105 -0.007754879858 -0.129763081606 -0.134979674107
2200000.000000000000 0.972222222222 1.458333333333 0.500000000000 0.500000000000 1920.000000000000 1080.000000000000 -0.126283028910 -0.017483815604 -0.991840164947 0.821501477542 0.005404080201 0.999817707533 -0.018312499024 -0.036757867721 0.991979532312 -0.007672541642 -0.126165524523 -0.140460264712
2240000.000000000000 0.972222222222 1.458333333333 0.500000000000 0.500000000000 1920.000000000000 1080.000000000000 -0.123325622016 -0.017445412314 -0.992212904846 0.826385628408 0.005392384693 0.999818924723 -0.018249382253 -0.036755174496 0.992351607618 -0.007601010098 -0.123209218420 -0.143235170901
2280000.000000000000 0.972222222222 1.458333333333 0.500000000000 0.500000000000 1920.000000000000 1080.000000000000 -0.121380530757 -0.017400563785 -0.992453518878 0.831667250268 0.005379566722 0.999820118441 -0.018187661251 -0.036742308455 0.992591470352 -0.007546597899 -0.121265089144 -0.144245001822
2320000.000000000000 0.972222222222 1.458333333333 0.500000000000 0.500000000000 1920.000000000000 1080.000000000000 -0.119598622171 -0.017355811725 -0.992670612728 0.829770976116 0.005365305417 0.999821292095 -0.018127254911 -0.036857825167 0.992807827866 -0.007493975727 -0.119484129721 -0.144863666274
2360000.000000000000 0.972222222222 1.458333333333 0.500000000000 0.500000000000 1920.000000000000 1080.000000000000 -0.117631979679 -0.017314111961 -0.992906309217 0.824079958824 0.005349336038 0.999822441865 -0.018068462776 -0.037044090932 0.993042850012 -0.007436818548 -0.117518474161 -0.145492333526
2400000.000000000000 0.972222222222 1.458333333333 0.500000000000 0.500000000000 1920.000000000000 1080.000000000000 -0.115511166343 -0.017275682396 -0.993155940046 0.816601056757 0.005331530605 0.999823560091 -0.018011759154 -0.037266386358 0.993291873133 -0.007375600598 -0.115398679734 -0.146221095678
2440000.000000000000 0.972222222222 1.458333333333 0.500000000000 0.500000000000 1920.000000000000 1080.000000000000 -0.113897553584 -0.017236407172 -0.993342968745 0.812839627446 0.005311876557 0.999824632788 -0.017957940789 -0.037442573008 0.993478299338 -0.007321880752 -0.113786022020 -0.148332368357
2480000.000000000000 0.972222222222 1.458333333333 0.500000000000 0.500000000000 1920.000000000000 1080.000000000000 -0.112581463667 -0.017197890626 -0.993493657049 0.810125062706 0.005290612079 0.999825658717 -0.017907026431 -0.037611225651 0.993628413172 -0.007272188788 -0.112470848702 -0.151934114485
2520000.000000000000 0.972222222222 1.458333333333 0.500000000000 0.500000000000 1920.000000000000 1080.000000000000 -0.111114178834 -0.017162818743 -0.993659437088 0.809262221469 0.005268053943 0.999826646990 -0.017858431513 -0.037744342084 0.993793684257 -0.007218976468 -0.111004502202 -0.155828491188
2560000.000000000000 0.972222222222 1.458333333333 0.500000000000 0.500000000000 1920.000000000000 1080.000000000000 -0.110124955333 -0.017125932539 -0.993770193077 0.813752939201 0.005244385271 0.999827608943 -0.017811479956 -0.037771925891 0.993903914187 -0.007173202198 -0.110016155787 -0.158089190458
2600000.000000000000 0.972222222222 1.458333333333 0.500000000000 0.500000000000 1920.000000000000 1080.000000000000 -0.108961823707 -0.017090770376 -0.993899002184 0.817258133927 0.005220013382 0.999828563301 -0.017765006836 -0.037804885843 0.994032229072 -0.007123873635 -0.108853929601 -0.159752797579
2640000.000000000000 0.972222222222 1.458333333333 0.500000000000 0.500000000000 1920.000000000000 1080.000000000000 -0.107314142487 -0.017059140785 -0.994078799964 0.817409584877 0.005195027757 0.999829516066 -0.017718648084 -0.037889985307 0.994211590412 -0.007065728483 -0.107207224440 -0.161539459570
2680000.000000000000 0.972222222222 1.458333333333 0.500000000000 0.500000000000 1920.000000000000 1080.000000000000 -0.105356845601 -0.017029385378 -0.994288657845 0.817865214665 0.005169745659 0.999830470973 -0.017672097895 -0.037968938155 0.994421042021 -0.007002095962 -0.105250946966 -0.163529333383
2720000.000000000000 0.972222222222 1.458333333333 0.500000000000 0.500000000000 1920.000000000000 1080.000000000000 -0.103299673407 -0.017000124559 -0.994504989047 0.820090499239 0.005144247683 0.999831424844 -0.017625510237 -0.038027400258 0.994636976082 -0.006936689437 -0.103194806798 -0.166481796555
2760000.000000000000 0.972222222222 1.458333333333 0.500000000000 0.500000000000 1920.000000000000 1080.000000000000 -0.100855101612 -0.016973303430 -0.994756329686 0.816489132449 0.005118718971 0.999832376708 -0.017578885109 -0.038190518781 0.994887957106 -0.006864798340 -0.100751314377 -0.169894530778
2800000.000000000000 0.972222222222 1.458333333333 0.500000000000 0.500000000000 1920.000000000000 1080.000000000000 -0.097896300846 -0.016951160889 -0.995052246078 0.809723389132 0.005092779228 0.999833303436 -0.017533651629 -0.038419798565 0.995183590038 -0.006784061044 -0.097793653349 -0.174986972140
2840000.000000000000 0.972222222222 1.458333333333 0.500000000000 0.500000000000 1920.000000000000 1080.000000000000 -0.094850213561 -0.016930663143 -0.995347572275 0.806791360104 0.005066654685 0.999834204219 -0.017489799417 -0.038593477312 0.995478661749 -0.006701993651 -0.094748705972 -0.181029043712
2880000.000000000000 0.972222222222 1.458333333333 0.500000000000 0.500000000000 1920.000000000000 1080.000000000000 -0.091483689914 -0.016913991378 -0.995662920559 0.808533870925 0.005040327086 0.999835067900 -0.017447982726 -0.038678056872 0.995793818811 -0.006614672629 -0.091383349268 -0.186154939213
2920000.000000000000 0.972222222222 1.458333333333 0.500000000000 0.500000000000 1920.000000000000 1080.000000000000 -0.087671251836 -0.016901762578 -0.996006065254 0.807862058322 0.005013931662 0.999835895922 -0.017408093384 -0.038799294665 0.996136844058 -0.006520095685 -0.087572120344 -0.191905332048
2960000.000000000000 0.972222222222 1.458333333333 0.500000000000 0.500000000000 1920.000000000000 1080.000000000000 -0.083422047674 -0.016894329432 -0.996371087294 0.804355557373 0.004987139167 0.999836681245 -0.017370644184 -0.038964149662 0.996501826594 -0.006418135982 -0.083324168917 -0.198640311765
3000000.000000000000 0.972222222222 1.458333333333 0.500000000000 0.500000000000 1920.000000000000 1080.000000000000 -0.078891381306 -0.016890641180 -0.996740114672 0.799305889434 0.004959791505 0.999837423904 -0.017335692337 -0.039146786221 0.996870879514 -0.006311259868 -0.078794781395 -0.205562535539
3040000.000000000000 0.972222222222 1.458333333333 0.500000000000 0.500000000000 1920.000000000000 1080.000000000000 -0.074219523603 -0.016889466498 -0.997098895916 0.795144184396 0.004931719160 0.999838129757 -0.017302960131 -0.039291965078 0.997229733042 -0.006201629187 -0.074124215565 -0.209907255436
3080000.000000000000 0.972222222222 1.458333333333 0.500000000000 0.500000000000 1920.000000000000 1080.000000000000 -0.069608333616 -0.016889067114 -0.997431420852 0.791942947251 0.004903005904 0.999838806295 -0.017271999270 -0.039413975090 0.997562349141 -0.006092687233 -0.069514305995 -0.213542196088
3120000.000000000000 0.972222222222 1.458333333333 0.500000000000 0.500000000000 1920.000000000000 1080.000000000000 -0.065000170763 -0.016889538830 -0.997742312062 0.789529319739 0.004873678285 0.999839458054 -0.017242545559 -0.039521525107 0.997873351213 -0.005983443446 -0.064907421331 -0.217395899121
3160000.000000000000 0.972222222222 1.458333333333 0.500000000000 0.500000000000 1920.000000000000 1080.000000000000 -0.060184867524 -0.016892067575 -0.998044307521 0.786077650600 0.004843751909 0.999840085826 -0.017214553233 -0.039648494654 0.998175495486 -0.005870334626 -0.060093422126 -0.222237094445
