source:inputs/camTrack_v01.asci fps:25.0 fx:0.5 fy:0.5 cx:0.5 cy:0.5 width:1920.0 height:1080.0
0.000000000000 0.500000000000 0.500000000000 0.500000000000 0.500000000000 1920.000000000000 1080.000000000000 0.716894083480 0.478508303891 -0.507043071325 0.148742702111 0.605554860314 0.781779329299 0.681130297109 -0.635871932277 0.362944078478 -102.424354600000 4.219694614000 -0.204949125600
40000.000000000000 0.500000000000 0.500000000000 0.500000000000 0.500000000000 1920.000000000000 1080.000000000000 0.727341649550 0.466748193657 -0.503110572885 0.150944899184 0.606346953671 0.780742601108 0.669469762006 -0.643808586066 0.370568134446 -102.606216400000 4.189390659000 -0.207434997000
80000.000000000000 0.500000000000 0.500000000000 0.500000000000 0.500000000000 1920.000000000000 1080.000000000000 0.747550533732 0.444887789620 -0.493196770229 0.155176614394 0.605007779034 0.780951858730 0.645823828813 -0.660333583847 0.383237707150 -102.778579700000 4.183442593000 -0.209903582900
120000.000000000000 0.500000000000 0.500000000000 0.500000000000 0.500000000000 1920.000000000000 1080.000000000000 0.770548802595 0.418710015347 -0.480558493701 0.159989989515 0.602759558071 0.781718695190 0.616974672150 -0.679236952913 0.397466244759 -102.934326200000 4.194376945000 -0.212364956700
160000.000000000000 0.500000000000 0.500000000000 0.500000000000 0.500000000000 1920.000000000000 1080.000000000000 0.793821601982 0.390307454116 -0.466376838498 0.164871122641 0.600039412218 0.782796408208 0.585375757224 -0.698292771727 0.411973819325 -103.051429700000 4.185615063000 -0.214804917600
200000.000000000000 0.500000000000 0.500000000000 0.500000000000 0.500000000000 1920.000000000000 1080.000000000000 0.816158967303 0.360841929969 -0.451306593867 0.169563819938 0.597090000778 0.784048239548 0.552388134430 -0.716433271525 0.426134622382 -103.147155800000 4.178892612000 -0.217224210500
240000.000000000000 0.500000000000 0.500000000000 0.500000000000 0.500000000000 1920.000000000000 1080.000000000000 0.835010988495 0.333791190772 -0.437424382101 0.173536557328 0.594647907057 0.785034349506 0.522151043630 -0.731421429544 0.438612562565 -103.219764700000 4.173754692000 -0.219626590600
280000.000000000000 0.500000000000 0.500000000000 0.500000000000 0.500000000000 1920.000000000000 1080.000000000000 0.845848167585 0.316622412885 -0.429291422057 0.175845272858 0.594290562664 0.784791161483 0.503606311920 -0.739303033125 0.447003028856 -103.288635300000 4.179086208000 -0.222015336200
320000.000000000000 0.500000000000 0.500000000000 0.500000000000 0.500000000000 1920.000000000000 1080.000000000000 0.862474877014 0.289610403707 -0.415045660843 0.179362076710 0.591946033706 0.785766592964 0.473250812951 -0.752147397286 0.458593459173 -103.349197400000 4.178341389000 -0.224401682600
360000.000000000000 0.500000000000 0.500000000000 0.500000000000 0.500000000000 1920.000000000000 1080.000000000000 0.883040162869 0.253483323823 -0.394950978356 0.183709944376 0.587708670714 0.787939829368 0.431845721408 -0.768338937521 0.472402952987 -103.386955300000 4.165606976000 -0.226750478100
400000.000000000000 0.500000000000 0.500000000000 0.500000000000 0.500000000000 1920.000000000000 1080.000000000000 0.899417207678 0.221273459918 -0.376943951364 0.187204696520 0.584277551253 0.789667110055 0.394972262488 -0.780805865140 0.484085852745 -103.415245100000 4.142776966000 -0.229052782100
440000.000000000000 0.500000000000 0.500000000000 0.500000000000 0.500000000000 1920.000000000000 1080.000000000000 0.910459026154 0.197070789813 -0.363630946838 0.189603016132 0.582494009437 0.790412186927 0.367580002134 -0.788583434249 0.492971712433 -103.449714700000 4.143236637000 -0.231294408400
480000.000000000000 0.500000000000 0.500000000000 0.500000000000 0.500000000000 1920.000000000000 1080.000000000000 0.921215262351 0.171497424403 -0.349214939306 0.191946541086 0.580406431404 0.791381639761 0.338406509655 -0.796063444587 0.501760925556 -103.482841500000 4.155609608000 -0.233474582400
520000.000000000000 0.500000000000 0.500000000000 0.500000000000 0.500000000000 1920.000000000000 1080.000000000000 0.931509456880 0.144666237266 -0.333709172092 0.194181753201 0.577993677332 0.792601258950 0.307544433321 -0.803115800343 0.510315032870 -103.508895900000 4.172950268000 -0.235566064700
560000.000000000000 0.500000000000 0.500000000000 0.500000000000 0.500000000000 1920.000000000000 1080.000000000000 0.945765588181 0.102699776140 -0.308188591926 0.197225618457 0.572318044576 0.795961124225 0.258126921566 -0.813575326465 0.521023685191 -103.532554600000 4.176060200000 -0.237546101200
600000.000000000000 0.500000000000 0.500000000000 0.500000000000 0.500000000000 1920.000000000000 1080.000000000000 0.960086508741 0.049916354955 -0.275213105141 0.200261063388 0.564242181603 0.800953348823 0.195267514513 -0.824098973430 0.531725003896 -103.543006900000 4.180381298000 -0.239383906100
640000.000000000000 0.500000000000 0.500000000000 0.500000000000 0.500000000000 1920.000000000000 1080.000000000000 0.963597371661 0.033395749698 -0.265263697536 0.201029851971 0.563595467295 0.801216043188 0.176258628001 -0.825375595197 0.536365568347 -103.544868500000 4.171349525000 -0.241073936200
680000.000000000000 0.500000000000 0.500000000000 0.500000000000 0.500000000000 1920.000000000000 1080.000000000000 0.965279553165 0.024390039401 -0.260077892600 0.201409074546 0.564518632733 0.800470547858 0.166342324536 -0.825059900417 0.540005918294 -103.547874500000 4.159904003000 -0.242649540300
720000.000000000000 0.500000000000 0.500000000000 0.500000000000 0.500000000000 1920.000000000000 1080.000000000000 0.967644682318 0.011219535405 -0.252067234696 0.201927454893 0.564581111037 0.800295865303 0.151291347215 -0.825301333505 0.544048377603 -103.552818300000 4.161889553000 -0.244116604300
760000.000000000000 0.500000000000 0.500000000000 0.500000000000 0.500000000000 1920.000000000000 1080.000000000000 0.972077829952 -0.016842914092 -0.234053431422 0.202872529335 0.561583478525 0.802163782210 0.117929764507 -0.827248640309 0.549319813725 -103.557930000000 4.168289185000 -0.245483547400
800000.000000000000 0.500000000000 0.500000000000 0.500000000000 0.500000000000 1920.000000000000 1080.000000000000 0.977381103251 -0.068191088228 -0.200190295704 0.203992438158 0.553719808535 0.807329832727 0.055796632355 -0.829906229114 0.555105743706 -103.565414400000 4.163761616000 -0.246738731900
840000.000000000000 0.500000000000 0.500000000000 0.500000000000 0.500000000000 1920.000000000000 1080.000000000000 0.978898897885 -0.117403241573 -0.167252583201 0.204305903615 0.546258326869 0.812318249256 -0.004005679388 -0.829348129072 0.558717849489 -103.569908100000 4.143379211000 -0.247861936700
880000.000000000000 0.500000000000 0.500000000000 0.500000000000 0.500000000000 1920.000000000000 1080.000000000000 0.976334325634 -0.173422704484 -0.129212422612 0.203754908031 0.537348910780 0.818376493759 -0.072492910284 -0.825336727435 0.559967913640 -103.572731000000 4.117710114000 -0.248862430500
920000.000000000000 0.500000000000 0.500000000000 0.500000000000 0.500000000000 1920.000000000000 1080.000000000000 0.965486713875 -0.248657151989 -0.077492103439 0.201458574929 0.524404212419 0.827293578233 -0.165075279550 -0.814352406985 0.556399415276 -103.566757200000 4.090374470000 -0.249735087200
960000.000000000000 0.500000000000 0.500000000000 0.500000000000 0.500000000000 1920.000000000000 1080.000000000000 0.943268330553 -0.331437152813 -0.019856241100 0.196781869679 0.509869342035 0.837442624792 -0.267435510620 -0.793840454870 0.546164425673 -103.563354500000 4.082072258000 -0.250494122500
1000000.000000000000 0.500000000000 0.500000000000 0.500000000000 0.500000000000 1920.000000000000 1080.000000000000 0.920561835525 -0.389987880291 0.021802756725 0.191993175551 0.500395976900 0.844240775398 -0.340153682203 -0.772989857326 0.535520450548 -103.560874900000 4.084085941000 -0.251146912600
1040000.000000000000 0.500000000000 0.500000000000 0.500000000000 0.500000000000 1920.000000000000 1080.000000000000 0.897426500812 -0.437543387205 0.056404432033 0.187111075097 0.493286520092 0.849504475958 -0.399518611852 -0.751813935365 0.524557609205 -103.560134900000 4.079514503000 -0.251728028100
1080000.000000000000 0.500000000000 0.500000000000 0.500000000000 0.500000000000 1920.000000000000 1080.000000000000 0.868117650750 -0.487522239227 0.093240606576 0.180932374662 0.485736937758 0.855174311527 -0.462206901999 -0.725521669942 0.509885365733 -103.559150700000 4.075683594000 -0.252237886200
1120000.000000000000 0.500000000000 0.500000000000 0.500000000000 0.500000000000 1920.000000000000 1080.000000000000 0.837028094278 -0.532233173010 0.126932339998 0.174375813455 0.479365395537 0.860117371783 -0.518629969314 -0.697808474519 0.494050895981 -103.560813900000 4.075480938000 -0.252689123200
1160000.000000000000 0.500000000000 0.500000000000 0.500000000000 0.500000000000 1920.000000000000 1080.000000000000 0.797873419736 -0.580227627662 0.163505064684 0.166138986801 0.472378725285 0.865595850824 -0.579478941070 -0.663471355822 0.473296859127 -103.561859100000 4.082549572000 -0.253078550100
1200000.000000000000 0.500000000000 0.500000000000 0.500000000000 0.500000000000 1920.000000000000 1080.000000000000 0.763215951584 -0.616820310585 0.192442499717 0.158848280151 0.467806526816 0.869439059027 -0.626313527828 -0.633000598671 0.455018249020 -103.563987700000 4.085060120000 -0.253396719700
1240000.000000000000 0.500000000000 0.500000000000 0.500000000000 0.500000000000 1920.000000000000 1080.000000000000 0.732373787442 -0.645655998666 0.216233593260 0.152364844816 0.464915219280 0.872146084636 -0.663636639684 -0.605790533327 0.438866996025 -103.559799200000 4.059675217000 -0.253662854400
1280000.000000000000 0.500000000000 0.500000000000 0.500000000000 0.500000000000 1920.000000000000 1080.000000000000 0.683919998272 -0.685877647696 0.248646915030 0.142229452475 0.459629202980 0.876648035768 -0.715558676009 -0.564192208524 0.411901606005 -103.537590000000 4.021798611000 -0.253839790800
1320000.000000000000 0.500000000000 0.500000000000 0.500000000000 0.500000000000 1920.000000000000 1080.000000000000 0.625569740522 -0.727261485078 0.282406147357 0.130040059193 0.454117367290 0.881400589817 -0.769254238044 -0.514653426149 0.378655210191 -103.503303500000 3.997510195000 -0.253987819000
1360000.000000000000 0.500000000000 0.500000000000 0.500000000000 0.500000000000 1920.000000000000 1080.000000000000 0.563923360511 -0.764105051787 0.313263329011 0.117172307922 0.449527235851 0.885548369365 -0.817472381017 -0.462675625100 0.343030861895 -103.444091800000 3.998721600000 -0.254083812200
1400000.000000000000 0.500000000000 0.500000000000 0.500000000000 0.500000000000 1920.000000000000 1080.000000000000 0.507782263870 -0.792336009179 0.338172768060 0.105447458529 0.446759011463 0.888418380700 -0.855007605807 -0.415463637680 0.310406120714 -103.395660400000 4.004427910000 -0.254251152300
1440000.000000000000 0.500000000000 0.500000000000 0.500000000000 0.500000000000 1920.000000000000 1080.000000000000 0.445800793049 -0.818656650027 0.362026162429 0.092526186896 0.444416074258 0.891029324815 -0.890337328014 -0.363724679266 0.273868216552 -103.290611300000 4.003057003000 -0.254453688900
1480000.000000000000 0.500000000000 0.500000000000 0.500000000000 0.500000000000 1920.000000000000 1080.000000000000 0.347391625792 -0.852097823171 0.391469485499 0.072059381220 0.440492858108 0.894859479211 -0.934947326809 -0.282657640448 0.214425172004 -103.133819600000 3.998143673000 -0.254671841900
1520000.000000000000 0.500000000000 0.500000000000 0.500000000000 0.500000000000 1920.000000000000 1080.000000000000 0.270492362000 -0.870980944398 0.410153723127 0.056080897130 0.439567274639 0.896457218189 -0.961087308769 -0.219483041626 0.167744983120 -102.948364300000 3.994636059000 -0.254897534800
1560000.000000000000 0.500000000000 0.500000000000 0.500000000000 0.500000000000 1920.000000000000 1080.000000000000 0.231226277199 -0.877776989244 0.419573552416 0.047915687549 0.441011915101 0.896221277155 -0.971719350234 -0.187125754222 0.144032831283 -102.691101100000 3.984783649000 -0.255083531100
1600000.000000000000 0.500000000000 0.500000000000 0.500000000000 0.500000000000 1920.000000000000 1080.000000000000 0.215894726578 -0.879114817627 0.424907759949 0.044725144313 0.443617447668 0.895099559597 -0.975391782056 -0.174243213796 0.135093204655 -102.366195700000 3.982191563000 -0.255267441300
1640000.000000000000 0.500000000000 0.500000000000 0.500000000000 0.500000000000 1920.000000000000 1080.000000000000 0.197581332348 -0.880743894245 0.430408886825 0.040921236967 0.446092007750 0.894051102000 -0.979432013706 -0.159034943870 0.124180582845 -102.022773700000 3.974583864000 -0.255409210900
1680000.000000000000 0.500000000000 0.500000000000 0.500000000000 0.500000000000 1920.000000000000 1080.000000000000 0.184975915540 -0.881180956974 0.435090831593 0.038305884603 0.448859522121 0.892780929795 -0.981996216833 -0.148476430679 0.116782617105 -101.657775900000 3.961577654000 -0.255549937500
1720000.000000000000 0.500000000000 0.500000000000 0.500000000000 0.500000000000 1920.000000000000 1080.000000000000 0.181734739913 -0.880162899696 0.438503995771 0.037630509036 0.451827989845 0.891311063761 -0.982627309359 -0.145481055779 0.115233820170 -101.285202000000 3.961758852000 -0.255636185400
1760000.000000000000 0.500000000000 0.500000000000 0.500000000000 0.500000000000 1920.000000000000 1080.000000000000 0.211066969497 -0.873910706937 0.437870769393 0.043702319436 0.455951611811 0.888930950616 -0.976494158540 -0.168487993603 0.134428249815 -100.897895800000 3.965865612000 -0.255732566100
1800000.000000000000 0.500000000000 0.500000000000 0.500000000000 0.500000000000 1920.000000000000 1080.000000000000 0.227784512727 -0.869368944840 0.438533754128 0.047165811369 0.459696017888 0.886822957177 -0.972568559023 -0.181320734849 0.145716125099 -100.494720500000 3.963915825000 -0.255804985800
1840000.000000000000 0.500000000000 0.500000000000 0.500000000000 0.500000000000 1920.000000000000 1080.000000000000 0.222463811440 -0.868798757296 0.442378313123 0.046069603549 0.462609728199 0.885364236348 -0.973851859488 -0.176581309027 0.142939137657 -100.135116600000 3.953894138000 -0.255855619900
1880000.000000000000 0.500000000000 0.500000000000 0.500000000000 0.500000000000 1920.000000000000 1080.000000000000 0.219970915823 -0.867702387102 0.445763798002 0.045561015253 0.465596003531 0.883823825989 -0.974441886457 -0.174106085229 0.141950980994 -99.774993900000 3.940518856000 -0.255866140100
1920000.000000000000 0.500000000000 0.500000000000 0.500000000000 0.500000000000 1920.000000000000 1080.000000000000 0.236416764058 -0.863116429555 0.446247848963 0.048977757749 0.469269281309 0.881695821055 -0.970416556391 -0.186591453855 0.153216632355 -99.393806460000 3.926095486000 -0.255825609000
1960000.000000000000 0.500000000000 0.500000000000 0.500000000000 0.500000000000 1920.000000000000 1080.000000000000 0.246091078874 -0.859687417751 0.447634588319 0.050996348260 0.472682286596 0.879756118707 -0.967904206708 -0.193672403039 0.160163812824 -99.032768250000 3.938748121000 -0.255727499700
2000000.000000000000 0.500000000000 0.500000000000 0.500000000000 0.500000000000 1920.000000000000 1080.000000000000 0.264875922671 -0.854251771685 0.447319411788 0.054906620359 0.476496891149 0.877459956788 -0.962718031736 -0.207857218539 0.173116631412 -98.682014470000 3.953764677000 -0.255564957900
2040000.000000000000 0.500000000000 0.500000000000 0.500000000000 0.500000000000 1920.000000000000 1080.000000000000 0.317331423296 -0.840209252269 0.439714885114 0.065806179576 0.482072827115 0.873656303181 -0.946028707027 -0.248302641468 0.208267817297 -98.327018740000 3.963377237000 -0.255332171900
2080000.000000000000 0.500000000000 0.500000000000 0.500000000000 0.500000000000 1920.000000000000 1080.000000000000 0.360668605926 -0.826507460304 0.432207791184 0.074831686091 0.487545915977 0.869884589225 -0.929687246044 -0.281397224357 0.237691452661 -97.989875790000 3.965842009000 -0.255035966600
2120000.000000000000 0.500000000000 0.500000000000 0.500000000000 0.500000000000 1920.000000000000 1080.000000000000 0.367374352036 -0.823059135231 0.433139406402 0.076268746694 0.490795723835 0.867930086898 -0.926940755250 -0.285820253617 0.243079449725 -97.696777340000 3.967249393000 -0.254666477400
2160000.000000000000 0.500000000000 0.500000000000 0.500000000000 0.500000000000 1920.000000000000 1080.000000000000 0.351860378286 -0.826379408391 0.439649118706 0.073099324810 0.492508305438 0.867232412786 -0.933193850657 -0.273006671094 0.233701935451 -97.457168580000 3.977659464000 -0.254227757500
2200000.000000000000 0.500000000000 0.500000000000 0.500000000000 0.500000000000 1920.000000000000 1080.000000000000 0.339786459110 -0.828538229631 0.445050069369 0.070642677145 0.494351356451 0.866386950814 -0.937845815884 -0.262947025873 0.226504055623 -97.249290470000 3.982018948000 -0.253735244300
2240000.000000000000 0.500000000000 0.500000000000 0.500000000000 0.500000000000 1920.000000000000 1080.000000000000 0.335279440289 -0.828544781290 0.448443131641 0.069762919928 0.496521644768 0.865216384080 -0.939532241024 -0.258804562698 0.224275202383 -97.078536990000 4.008159161000 -0.253185808700
2280000.000000000000 0.500000000000 0.500000000000 0.500000000000 0.500000000000 1920.000000000000 1080.000000000000 0.334946086210 -0.827416231137 0.450769896714 0.069753962988 0.498865508902 0.863867807408 -0.939651799328 -0.257906154403 0.224808610914 -96.966278080000 4.036154747000 -0.252583682500
2320000.000000000000 0.500000000000 0.500000000000 0.500000000000 0.500000000000 1920.000000000000 1080.000000000000 0.339817697094 -0.824885077887 0.451761597549 0.070838751725 0.501431066127 0.862292732880 -0.937819707618 -0.261020103060 0.228828979376 -96.863464360000 4.028561115000 -0.251913785900
2360000.000000000000 0.500000000000 0.500000000000 0.500000000000 0.500000000000 1920.000000000000 1080.000000000000 0.347329353282 -0.821635374767 0.451970830121 0.072488891635 0.504059703730 0.860621389268 -0.934937260429 -0.266156206028 0.234634168557 -96.750015260000 4.002334118000 -0.251163721100
2400000.000000000000 0.500000000000 0.500000000000 0.500000000000 0.500000000000 1920.000000000000 1080.000000000000 0.355764861792 -0.818129070242 0.451770060473 0.074348212611 0.506639688168 0.858946197183 -0.931613496250 -0.271994578620 0.241071032697 -96.627700810000 3.967336178000 -0.250327438100
2440000.000000000000 0.500000000000 0.500000000000 0.500000000000 0.500000000000 1920.000000000000 1080.000000000000 0.354014993928 -0.817636253203 0.454031212058 0.074091034348 0.508463516991 0.857890069017 -0.932300328598 -0.270066305446 0.240583224601 -96.534667970000 3.949389935000 -0.249404400600
2480000.000000000000 0.500000000000 0.500000000000 0.500000000000 0.500000000000 1920.000000000000 1080.000000000000 0.343816634876 -0.819591937739 0.458322132540 0.072062275525 0.509666150006 0.857349079421 -0.936267670075 -0.261743139606 0.234293360641 -96.458808900000 3.935462236000 -0.248405739700
2520000.000000000000 0.500000000000 0.500000000000 0.500000000000 0.500000000000 1920.000000000000 1080.000000000000 0.331806508268 -0.821969269587 0.462894114162 0.069644180865 0.510698366828 0.856934575210 -0.940773154986 -0.252098587807 0.226698418352 -96.374244690000 3.930796623000 -0.247346371400
2560000.000000000000 0.500000000000 0.500000000000 0.500000000000 0.500000000000 1920.000000000000 1080.000000000000 0.322761805055 -0.823461453011 0.466621958981 0.067836303545 0.511866044831 0.856382734571 -0.944046107518 -0.244753728378 0.221071389660 -96.317253110000 3.953091383000 -0.246234864000
2600000.000000000000 0.500000000000 0.500000000000 0.500000000000 0.500000000000 1920.000000000000 1080.000000000000 0.317619210058 -0.823882577990 0.469399121309 0.066837304312 0.513253878386 0.855630312153 -0.945859826906 -0.240391251933 0.218085381995 -96.250244140000 3.971053600000 -0.245090335600
2640000.000000000000 0.500000000000 0.500000000000 0.500000000000 0.500000000000 1920.000000000000 1080.000000000000 0.315408092807 -0.823537001782 0.471491825686 0.066450974167 0.514800944772 0.854730516183 -0.946626643944 -0.238257830845 0.217097220197 -96.155319210000 3.972899914000 -0.243917003300
2680000.000000000000 0.500000000000 0.500000000000 0.500000000000 0.500000000000 1920.000000000000 1080.000000000000 0.313260205922 -0.823162392044 0.473573351985 0.066077213749 0.516357252517 0.853820232600 -0.947365739938 -0.236175494280 0.216146456582 -96.042572020000 3.976557493000 -0.242729738400
2720000.000000000000 0.500000000000 0.500000000000 0.500000000000 0.500000000000 1920.000000000000 1080.000000000000 0.306195944130 -0.823988845414 0.476745662205 0.064669142925 0.517647105961 0.853146749184 -0.949769417149 -0.230399340980 0.211788096749 -95.924095150000 3.988668919000 -0.241532340600
2760000.000000000000 0.500000000000 0.500000000000 0.500000000000 0.500000000000 1920.000000000000 1080.000000000000 0.301207001969 -0.824281624095 0.479410206549 0.063703834729 0.519030236228 0.852378692438 -0.951428485702 -0.226202161926 0.208845441737 -95.783332820000 3.972096443000 -0.240333512400
2800000.000000000000 0.500000000000 0.500000000000 0.500000000000 0.500000000000 1920.000000000000 1080.000000000000 0.291677122077 -0.825640430263 0.482951691552 0.061782787194 0.520114341004 0.851859119508 -0.954519430742 -0.218629714809 0.202715821137 -95.612998960000 3.939654112000 -0.239115402100
2840000.000000000000 0.500000000000 0.500000000000 0.500000000000 0.500000000000 1920.000000000000 1080.000000000000 0.276109211920 -0.828268936501 0.487580015915 0.058581320428 0.520860257814 0.851629509075 -0.959339320569 -0.206579671452 0.192335403275 -95.437690730000 3.926052809000 -0.237888604400
2880000.000000000000 0.500000000000 0.500000000000 0.500000000000 0.500000000000 1920.000000000000 1080.000000000000 0.263848000860 -0.830054670077 0.491318101769 0.056073108470 0.521705861393 0.851280682675 -0.962933039702 -0.197058973081 0.184194794117 -95.243995670000 3.936704397000 -0.236652284900
2920000.000000000000 0.500000000000 0.500000000000 0.500000000000 0.500000000000 1920.000000000000 1080.000000000000 0.251326395859 -0.831793941342 0.494928158312 0.053498238773 0.522497263479 0.850960955688 -0.966422775597 -0.187391165221 0.175816864961 -95.024711610000 3.935772657000 -0.235412806300
2960000.000000000000 0.500000000000 0.500000000000 0.500000000000 0.500000000000 1920.000000000000 1080.000000000000 0.236838792860 -0.833800743481 0.498681969161 0.050491396121 0.523155228541 0.850740398575 -0.970236056387 -0.176309180193 0.166003216431 -94.780387880000 3.921041250000 -0.234154686300
3000000.000000000000 0.500000000000 0.500000000000 0.500000000000 0.500000000000 1920.000000000000 1080.000000000000 0.222893209573 -0.835584624017 0.502112490615 0.047587008495 0.523782367211 0.850521903552 -0.973680693939 -0.165681525539 0.156510505547 -94.519973750000 3.899121761000 -0.232870519200
3040000.000000000000 0.500000000000 0.500000000000 0.500000000000 0.500000000000 1920.000000000000 1080.000000000000 0.221151364374 -0.835253993278 0.503431068518 0.047281014215 0.524788476137 0.849918561398 -0.974092695656 -0.164157917953 0.155549343435 -94.251541140000 3.882991552000 -0.231552347500
3080000.000000000000 0.500000000000 0.500000000000 0.500000000000 0.500000000000 1920.000000000000 1080.000000000000 0.222062065320 -0.834512734846 0.504258797172 0.047540745890 0.525823052228 0.849264384762 -0.973872844177 -0.164616563944 0.156438710840 -93.986686710000 3.871918917000 -0.230204060700
3120000.000000000000 0.500000000000 0.500000000000 0.500000000000 0.500000000000 1920.000000000000 1080.000000000000 0.221548969530 -0.834044461613 0.505258241054 0.047494914308 0.526748538655 0.848693236770 -0.973991933855 -0.164029915191 0.156313466174 -93.722091670000 3.864773750000 -0.228826955000
3160000.000000000000 0.500000000000 0.500000000000 0.500000000000 0.500000000000 1920.000000000000 1080.000000000000 0.217305972812 -0.834228517719 0.506794726102 0.046647553547 0.527484106731 0.848283279863 -0.974988266559 -0.160696289228 0.153540166407 -93.445686340000 3.852514029000 -0.227421745700
3200000.000000000000 0.500000000000 0.500000000000 0.500000000000 0.500000000000 1920.000000000000 1080.000000000000 0.207046744861 -0.835395541784 0.509161992110 0.044504332108 0.527943104913 0.848112871261 -0.977318274600 -0.152939094875 0.146487621977 -93.178237920000 3.848238707000 -0.225988373200
3240000.000000000000 0.500000000000 0.500000000000 0.500000000000 0.500000000000 1920.000000000000 1080.000000000000 0.199922552309 -0.836038400105 0.510950845609 0.043028399227 0.528466839227 0.847862817145 -0.978866451534 -0.147521501441 0.141625833357 -92.913818360000 3.849952221000 -0.224545687400
3280000.000000000000 0.500000000000 0.500000000000 0.500000000000 0.500000000000 1920.000000000000 1080.000000000000 0.208416431120 -0.834324655823 0.510357678422 0.044911221834 0.529430338730 0.847163796787 -0.977008481740 -0.153642068190 0.147812521424 -92.646812440000 3.845770836000 -0.223098948600
3320000.000000000000 0.500000000000 0.500000000000 0.500000000000 0.500000000000 1920.000000000000 1080.000000000000 0.218205128356 -0.832368132683 0.509460316073 0.047073520037 0.530409543288 0.846433576898 -0.974766949414 -0.160714056895 0.154920580446 -92.394203190000 3.848269701000 -0.221681088200
3360000.000000000000 0.500000000000 0.500000000000 0.500000000000 0.500000000000 1920.000000000000 1080.000000000000 0.214866913934 -0.832577766941 0.510535475057 0.046397479896 0.530856777364 0.846190496157 -0.975540610716 -0.158130781069 0.152693067697 -92.144760130000 3.850200176000 -0.220277845900
3400000.000000000000 0.500000000000 0.500000000000 0.500000000000 0.500000000000 1920.000000000000 1080.000000000000 0.191536934941 -0.835843720029 0.514469511479 0.041393113045 0.530587221888 0.846619046657 -0.980612162246 -0.140863322612 0.136225223791 -91.894470210000 3.849234819000 -0.218892231600
3440000.000000000000 0.500000000000 0.500000000000 0.500000000000 0.500000000000 1920.000000000000 1080.000000000000 0.151835460752 -0.840687482284 0.519798566745 0.032835177053 0.529895841472 0.847426839520 -0.987860235057 -0.111601766661 0.108061101567 -91.652114870000 3.856483698000 -0.217496186500
3480000.000000000000 0.500000000000 0.500000000000 0.500000000000 0.500000000000 1920.000000000000 1080.000000000000 0.122460454540 -0.843460693980 0.523046360072 0.026498967682 0.529603861379 0.847831088557 -0.992119570307 -0.089965591886 0.087206367262 -91.421188350000 3.859456778000 -0.216096937700
3520000.000000000000 0.500000000000 0.500000000000 0.500000000000 0.500000000000 1920.000000000000 1080.000000000000 0.113563841040 -0.844037281184 0.524122430335 0.024588673484 0.529761299885 0.847790282016 -0.993226384640 -0.083390845517 0.080915485164 -91.191467290000 3.848492146000 -0.214699566400
3560000.000000000000 0.500000000000 0.500000000000 0.500000000000 0.500000000000 1920.000000000000 1080.000000000000 0.114863219407 -0.843724743145 0.524342444050 0.024885399870 0.530114334078 0.847560917975 -0.993069563374 -0.084305104293 0.081887066680 -90.987930300000 3.851217031000 -0.213314950500
3600000.000000000000 0.500000000000 0.500000000000 0.500000000000 0.500000000000 1920.000000000000 1080.000000000000 0.122957755731 -0.842794018193 0.524003466786 0.026655038081 0.530624181754 0.847187987806 -0.992053879207 -0.090201001301 0.087709065174 -90.811706540000 3.859274387000 -0.211954176400
3640000.000000000000 0.500000000000 0.500000000000 0.500000000000 0.500000000000 1920.000000000000 1080.000000000000 0.129765368301 -0.841922752222 0.523762377878 0.028146642739 0.531143585059 0.846814181833 -0.991145153695 -0.095145001658 0.092621341857 -90.632904050000 3.856209755000 -0.210616469400
3680000.000000000000 0.500000000000 0.500000000000 0.500000000000 0.500000000000 1920.000000000000 1080.000000000000 0.131039203935 -0.841563279172 0.524022875629 0.028438072617 0.531554090419 0.846546823859 -0.990969224072 -0.096028621302 0.093586862501 -90.461547850000 3.839409590000 -0.209293752900
3720000.000000000000 0.500000000000 0.500000000000 0.500000000000 0.500000000000 1920.000000000000 1080.000000000000 0.117499519016 -0.842579887393 0.525597751510 0.025511528554 0.531650392187 0.846579601926 -0.992745196383 -0.086063893989 0.083964166223 -90.299018860000 3.830641270000 -0.207973510000
3760000.000000000000 0.500000000000 0.500000000000 0.500000000000 0.500000000000 1920.000000000000 1080.000000000000 0.095666908351 -0.844085913600 0.527604788746 0.020779712438 0.531613829721 0.846731917197 -0.995196486227 -0.070040748929 0.068397714083 -90.148712160000 3.834659338000 -0.206643715500
3800000.000000000000 0.500000000000 0.500000000000 0.500000000000 0.500000000000 1920.000000000000 1080.000000000000 0.073136155841 -0.845278344406 0.529297291876 0.015890687615 0.531638854682 0.846822067639 -0.997195361379 -0.053522412788 0.052314076245 -89.995887760000 3.838245153000 -0.205307468800
3840000.000000000000 0.500000000000 0.500000000000 0.500000000000 0.500000000000 1920.000000000000 1080.000000000000 0.057676870396 -0.845824664752 0.530333871366 0.012534743380 0.531789857387 0.846783577893 -0.998256609710 -0.042192227692 0.041274169799 -89.851936340000 3.848397493000 -0.203949213000
3880000.000000000000 0.500000000000 0.500000000000 0.500000000000 0.500000000000 1920.000000000000 1080.000000000000 0.043450963084 -0.846137581312 0.531190368228 0.009444260427 0.532016641813 0.846681226188 -0.999010920737 -0.031772414529 0.031107779138 -89.713806150000 3.855922937000 -0.202582418900
3920000.000000000000 0.500000000000 0.500000000000 0.500000000000 0.500000000000 1920.000000000000 1080.000000000000 0.032129884363 -0.846230686288 0.531847060832 0.006984019766 0.532298889961 0.846527681304 -0.999459300822 -0.023484406125 0.023012793621 -89.569129940000 3.866218090000 -0.201186925200
3960000.000000000000 0.500000000000 0.500000000000 0.500000000000 0.500000000000 1920.000000000000 1080.000000000000 0.018483897568 -0.846247361223 0.532469481899 0.004017926992 0.532619034949 0.846345567645 -0.999821084891 -0.013504341276 0.013245035799 -89.405998230000 3.849171638000 -0.199768811500
4000000.000000000000 0.500000000000 0.500000000000 0.500000000000 0.500000000000 1920.000000000000 1080.000000000000 0.014759769128 -0.846060730680 0.532882153216 0.003208652303 0.532977540358 0.846123304267 -0.999885920376 -0.010778751077 0.010581340158 -89.219444270000 3.841623545000 -0.198315799200
4040000.000000000000 0.500000000000 0.500000000000 0.500000000000 0.500000000000 1920.000000000000 1080.000000000000 0.011892209903 -0.845863542511 0.533266765133 0.002585810996 0.533328709299 0.845904132523 -0.999925941720 -0.008680742436 0.008529700208 -89.029586790000 3.835262299000 -0.196840092500
4080000.000000000000 0.500000000000 0.500000000000 0.500000000000 0.500000000000 1920.000000000000 1080.000000000000 0.007357562363 -0.845695245561 0.533615421358 0.001600457158 0.533639140758 0.845710769701 -0.999971652005 -0.005368341108 0.005279782267 -88.833961490000 3.837743044000 -0.195344045800
4120000.000000000000 0.500000000000 0.500000000000 0.500000000000 0.500000000000 1920.000000000000 1080.000000000000 -0.003437768074 -0.845542446982 0.533897136256 -0.000748267148 0.533902316753 0.845545833330 -0.999993810904 0.002507292783 -0.002468123974 -88.623367310000 3.833397150000 -0.193839147700
4160000.000000000000 0.500000000000 0.500000000000 0.500000000000 0.500000000000 1920.000000000000 1080.000000000000 -0.017546641596 -0.845315425453 0.533979350593 -0.003822586280 0.534114384253 0.845403579581 -0.999838738599 0.012792811475 -0.012603204820 -88.399429320000 3.838320494000 -0.192332342300
4200000.000000000000 0.500000000000 0.500000000000 0.500000000000 0.500000000000 1920.000000000000 1080.000000000000 -0.027313201240 -0.845078963011 0.533943382124 -0.005957029582 0.534270774616 0.845292406916 -0.999609175046 0.019906925095 -0.019626805566 -88.197349550000 3.848489761000 -0.190839380000
4240000.000000000000 0.500000000000 0.500000000000 0.500000000000 0.500000000000 1920.000000000000 1080.000000000000 -0.034135768536 -0.844911964273 0.533815063420 -0.007455467440 0.534326767069 0.845245125392 -0.999389396237 0.024873251132 -0.024538868483 -87.969848630000 3.824590683000 -0.189345985700
4280000.000000000000 0.500000000000 0.500000000000 0.500000000000 0.500000000000 1920.000000000000 1080.000000000000 -0.047312087455 -0.844570322290 0.533350294916 -0.010350105265 0.534334070430 0.845210019166 -0.998826532338 0.034468418649 -0.034021852010 -87.716712950000 3.777861834000 -0.187848419000
4320000.000000000000 0.500000000000 0.500000000000 0.500000000000 0.500000000000 1920.000000000000 1080.000000000000 -0.063332998548 -0.844043078375 0.532522500128 -0.013879862670 0.534287054759 0.845189146008 -0.997895926792 0.046137023787 -0.045553203279 -87.498886110000 3.765561819000 -0.186326012000
4360000.000000000000 0.500000000000 0.500000000000 0.500000000000 0.500000000000 1920.000000000000 1080.000000000000 -0.072024782681 -0.843776799055 0.531839396863 -0.015812767206 0.534123245600 0.845258726606 -0.997277487499 0.052469723519 -0.051812556786 -87.327522280000 3.779773235000 -0.184791877900
4400000.000000000000 0.500000000000 0.500000000000 0.500000000000 0.500000000000 1920.000000000000 1080.000000000000 -0.071857817355 -0.843981710014 0.531536760015 -0.015803733382 0.533810923942 0.845456172425 -0.997289675118 0.052352369981 -0.051696549799 -87.146095280000 3.776379824000 -0.183256655900
4440000.000000000000 0.500000000000 0.500000000000 0.500000000000 0.500000000000 1920.000000000000 1080.000000000000 -0.070718725807 -0.844277060494 0.531220393946 -0.015579719836 0.533423670275 0.845704712249 -0.997374620767 0.051530894750 -0.050876642344 -86.947410580000 3.770431519000 -0.181707948400
4480000.000000000000 0.500000000000 0.500000000000 0.500000000000 0.500000000000 1920.000000000000 1080.000000000000 -0.085450055315 -0.843715419207 0.529945826891 -0.018856923181 0.533165472493 0.845800801247 -0.996163994779 0.062280577504 -0.061468895964 -86.748535160000 3.748543739000 -0.180135488500
4520000.000000000000 0.500000000000 0.500000000000 0.500000000000 0.500000000000 1920.000000000000 1080.000000000000 -0.114024062672 -0.841962735440 0.527349282034 -0.025204392785 0.533091986007 0.845681780009 -0.993158220887 0.083136553844 -0.082006473517 -86.520812990000 3.711919785000 -0.178498685400
4560000.000000000000 0.500000000000 0.500000000000 0.500000000000 0.500000000000 1920.000000000000 1080.000000000000 -0.133647580787 -0.840565576775 0.524964603846 -0.029590130853 0.532865156979 0.845682652437 -0.990587072551 0.097489669291 -0.096088584524 -86.320213320000 3.711843252000 -0.176785305100
4600000.000000000000 0.500000000000 0.500000000000 0.500000000000 0.500000000000 1920.000000000000 1080.000000000000 -0.144166750424 -0.839888167918 0.523262662019 -0.031965241013 0.532463352792 0.845849278122 -0.989036991947 0.105217124671 -0.103610739003 -86.139526370000 3.728475809000 -0.175020963000
4640000.000000000000 0.500000000000 0.500000000000 0.500000000000 0.500000000000 1920.000000000000 1080.000000000000 -0.145085277431 -0.840199491252 0.522508446986 -0.032209535935 0.531827035777 0.846240243555 -0.988894740641 0.105947245910 -0.104222708737 -85.961204530000 3.750039339000 -0.173207327700
4680000.000000000000 0.500000000000 0.500000000000 0.500000000000 0.500000000000 1920.000000000000 1080.000000000000 -0.149417860188 -0.840131410631 0.521395738311 -0.033202839139 0.531281071635 0.846544738567 -0.988216511970 0.109177084563 -0.107277628965 -85.782066350000 3.747908831000 -0.171352639800
4720000.000000000000 0.500000000000 0.500000000000 0.500000000000 0.500000000000 1920.000000000000 1080.000000000000 -0.158664184258 -0.839490424951 0.519693662699 -0.035281262012 0.530845840783 0.846733680607 -0.986702036678 0.116010860437 -0.113844503934 -85.609138490000 3.737656593000 -0.169443711600
4760000.000000000000 0.500000000000 0.500000000000 0.500000000000 0.500000000000 1920.000000000000 1080.000000000000 -0.169482031628 -0.838591084008 0.517726602347 -0.037700110634 0.530458480040 0.846872187884 -0.984811932611 0.124011268745 -0.121518157535 -85.464462280000 3.735703945000 -0.167476058000
4800000.000000000000 0.500000000000 0.500000000000 0.500000000000 0.500000000000 1920.000000000000 1080.000000000000 -0.178532906795 -0.837847768864 0.515884790822 -0.039718086485 0.530017784390 0.847055855204 -0.983131972218 0.130737387309 -0.127903325845 -85.325019840000 3.742884398000 -0.165452390900
4840000.000000000000 0.500000000000 0.500000000000 0.500000000000 0.500000000000 1920.000000000000 1080.000000000000 -0.181671929291 -0.837865658916 0.514758630542 -0.040416411183 0.529389293642 0.847415771322 -0.982528281432 0.133146961616 -0.130038697309 -85.197212220000 3.742941380000 -0.163386583300
4880000.000000000000 0.500000000000 0.500000000000 0.500000000000 0.500000000000 1920.000000000000 1080.000000000000 -0.187356112986 -0.837539488651 0.513249736363 -0.041679370218 0.528809794074 0.847716362818 -0.981407416431 0.137432916876 -0.133983865946 -85.076011660000 3.746958256000 -0.161304533500
4920000.000000000000 0.500000000000 0.500000000000 0.500000000000 0.500000000000 1920.000000000000 1080.000000000000 -0.191871343624 -0.837372440645 0.511852305987 -0.042685496869 0.528169303192 0.848065525489 -0.980491374696 0.140870801852 -0.137084212558 -84.986724850000 3.760228395000 -0.159240245800
4960000.000000000000 0.500000000000 0.500000000000 0.500000000000 0.500000000000 1920.000000000000 1080.000000000000 -0.201271923510 -0.836483708264 0.509690708779 -0.044778644697 0.527652520923 0.848279252453 -0.978511362114 0.147911537662 -0.143658244598 -84.892517090000 3.759162903000 -0.157204255500
5000000.000000000000 0.500000000000 0.500000000000 0.500000000000 0.500000000000 1920.000000000000 1080.000000000000 -0.208978628011 -0.835817411171 0.507678232957 -0.046499148042 0.527046366330 0.848563466671 -0.976814087872 0.153725023733 -0.149006224072 -84.813087460000 3.773744106000 -0.155214890800
5040000.000000000000 0.500000000000 0.500000000000 0.500000000000 0.500000000000 1920.000000000000 1080.000000000000 -0.218260581184 -0.834861516802 0.505340050326 -0.048570435419 0.526475857824 0.848801557451 -0.974681092206 0.160715334960 -0.155458514094 -84.751686100000 3.783426285000 -0.153273865600
5080000.000000000000 0.500000000000 0.500000000000 0.500000000000 0.500000000000 1920.000000000000 1080.000000000000 -0.223439799217 -0.834548588934 0.503590417735 -0.049733045339 0.525740731066 0.849189794981 -0.973448139516 0.164697712210 -0.158976046200 -84.675537110000 3.773077011000 -0.151389449800
5120000.000000000000 0.500000000000 0.500000000000 0.500000000000 0.500000000000 1920.000000000000 1080.000000000000 -0.228785004488 -0.834204968513 0.501756407263 -0.050940076879 0.524980016700 0.849588777370 -0.972143266339 0.168813662283 -0.162602020706 -84.585792540000 3.753097296000 -0.149550512400
5160000.000000000000 0.500000000000 0.500000000000 0.500000000000 0.500000000000 1920.000000000000 1080.000000000000 -0.236280059819 -0.833471805746 0.499496228573 -0.052633180882 0.524275004917 0.849920859545 -0.970258461237 0.174529276186 -0.167744001835 -84.494926450000 3.730501652000 -0.147751569700
5200000.000000000000 0.500000000000 0.500000000000 0.500000000000 0.500000000000 1920.000000000000 1080.000000000000 -0.243237655109 -0.832807615269 0.497259408244 -0.054215889910 0.523527864161 0.850281843113 -0.968450350002 0.179861200366 -0.172493096049 -84.407150270000 3.720617294000 -0.145993486000
