source:configs/../inputs/nukeCam_unit-1_v2.asci fps:25.0 fx:0.9722222222222222 fy:1.4583333333333333 cx:0.5 cy:0.5 width:1920 height:1080 unit_scale:1
0.000000000000 0.972222222222 1.458333333333 0.500000000000 0.500000000000 1920.000000000000 1080.000000000000 0.999923847578 0.008726203219 0.008726535498 -0.000000000000 -0.008726535498 0.999961923064 -0.000000000000 -0.000000000000 -0.008726203219 -0.000076152422 0.999961923064 -0.000000000000
40000.000000000000 0.972222222222 1.458333333333 0.500000000000 0.500000000000 1920.000000000000 1080.000000000000 0.999925727544 0.008508053467 0.008726535498 -0.001063506683 -0.008508377440 0.999963803102 -0.000000000000 -0.124995475388 -0.008726219625 -0.000074248658 0.999961923064 0.000009281082
80000.000000000000 0.972222222222 1.458333333333 0.500000000000 0.500000000000 1920.000000000000 1080.000000000000 0.999927559917 0.008289903311 0.008726535498 -0.002072475828 -0.008290218977 0.999965635544 -0.000000000000 -0.249991408886 -0.008726235616 -0.000072344890 0.999961923064 0.000018086223
120000.000000000000 0.972222222222 1.458333333333 0.500000000000 0.500000000000 1920.000000000000 1080.000000000000 0.999929344697 0.008071752760 0.008726535498 -0.003026907285 -0.008072060119 0.999967420392 -0.000000000000 -0.374987782647 -0.008726251191 -0.000070441119 0.999961923064 0.000026415420
160000.000000000000 0.972222222222 1.458333333333 0.500000000000 0.500000000000 1920.000000000000 1080.000000000000 0.999931081883 0.007853601826 0.008726535498 -0.003926800913 -0.007853900878 0.999969157645 -0.000000000000 -0.499984578822 -0.008726266351 -0.000068537345 0.999961923064 0.000034268672
200000.000000000000 0.972222222222 1.458333333333 0.500000000000 0.500000000000 1920.000000000000 1080.000000000000 0.999932771477 0.007635450516 0.008726535498 -0.004772156573 -0.007635741262 0.999970847303 -0.000000000000 -0.624981779564 -0.008726281096 -0.000066633567 0.999961923064 0.000041645979
240000.000000000000 0.972222222222 1.458333333333 0.500000000000 0.500000000000 1920.000000000000 1080.000000000000 0.999934413477 0.007417298845 0.008726535498 -0.005562974134 -0.007417581284 0.999972489366 -0.000000000000 -0.749979367024 -0.008726295426 -0.000064729786 0.999961923064 0.000048547340
280000.000000000000 0.972222222222 1.458333333333 0.500000000000 0.500000000000 1920.000000000000 1080.000000000000 0.999936007884 0.007199146821 0.008726535498 -0.006299253468 -0.007199420953 0.999974083833 -0.000000000000 -0.874977323354 -0.008726309340 -0.000062826003 0.999961923064 0.000054972752
320000.000000000000 0.972222222222 1.458333333333 0.500000000000 0.500000000000 1920.000000000000 1080.000000000000 0.999937554698 0.006980994454 0.008726535498 -0.006980994454 -0.006981260279 0.999975630706 -0.000000000000 -0.999975630706 -0.008726322839 -0.000060922216 0.999961923064 0.000060922216
360000.000000000000 0.972222222222 1.458333333333 0.500000000000 0.500000000000 1920.000000000000 1080.000000000000 0.999939053918 0.006762841755 0.008726535498 -0.007608196974 -0.006763099273 0.999977129983 -0.000000000000 -1.124974271230 -0.008726335922 -0.000059018426 0.999961923064 0.000066395729
400000.000000000000 0.972222222222 1.458333333333 0.500000000000 0.500000000000 1920.000000000000 1080.000000000000 0.999940505544 0.006544688735 0.008726535498 -0.008180860919 -0.006544937946 0.999978581664 -0.000000000000 -1.249973227080 -0.008726348591 -0.000057114633 0.999961923064 0.000071393292
440000.000000000000 0.972222222222 1.458333333333 0.500000000000 0.500000000000 1920.000000000000 1080.000000000000 0.999941909577 0.006326535403 0.008726535498 -0.008698986179 -0.006326776307 0.999979985750 -0.000000000000 -1.374972480407 -0.008726360843 -0.000055210838 0.999961923064 0.000075914902
480000.000000000000 0.972222222222 1.458333333333 0.500000000000 0.500000000000 1920.000000000000 1080.000000000000 0.999943266016 0.006108381771 0.008726535498 -0.009162572656 -0.006108614368 0.999981342241 -0.000000000000 -1.499972013362 -0.008726372681 -0.000053307040 0.999961923064 0.000079960560
520000.000000000000 0.972222222222 1.458333333333 0.500000000000 0.500000000000 1920.000000000000 1080.000000000000 0.999944574861 0.005890227846 0.008726535498 -0.009571620250 -0.005890452137 0.999982651136 -0.000000000000 -1.624971808097 -0.008726384103 -0.000051403240 0.999961923064 0.000083530264
560000.000000000000 0.972222222222 1.458333333333 0.500000000000 0.500000000000 1920.000000000000 1080.000000000000 0.999945836113 0.005672073643 0.008726535498 -0.009926128876 -0.005672289627 0.999983912436 -0.000000000000 -1.749971846763 -0.008726395110 -0.000049499437 0.999961923064 0.000086624014
600000.000000000000 0.972222222222 1.458333333333 0.500000000000 0.500000000000 1920.000000000000 1080.000000000000 0.999947049770 0.005453919170 0.008726535498 -0.010226098444 -0.005454126847 0.999985126140 -0.000000000000 -1.874972111512 -0.008726405701 -0.000047595632 0.999961923064 0.000089241809
640000.000000000000 0.972222222222 1.458333333333 0.500000000000 0.500000000000 1920.000000000000 1080.000000000000 0.999948215834 0.005235764438 0.008726535498 -0.010471528875 -0.005235963807 0.999986292248 -0.000000000000 -1.999972584495 -0.008726415877 -0.000045691824 0.999961923064 0.000091383648
680000.000000000000 0.972222222222 1.458333333333 0.500000000000 0.500000000000 1920.000000000000 1080.000000000000 0.999949334303 0.005017609456 0.008726535498 -0.010662420093 -0.005017800518 0.999987410760 -0.000000000000 -2.124973247864 -0.008726425638 -0.000043788014 0.999961923064 0.000093049530
720000.000000000000 0.972222222222 1.458333333333 0.500000000000 0.500000000000 1920.000000000000 1080.000000000000 0.999950405179 0.004799454235 0.008726535498 -0.010798772029 -0.004799636991 0.999988481676 -0.000000000000 -2.249974083771 -0.008726434983 -0.000041884203 0.999961923064 0.000094239456
760000.000000000000 0.972222222222 1.458333333333 0.500000000000 0.500000000000 1920.000000000000 1080.000000000000 0.999951428460 0.004581298786 0.008726535498 -0.010880584617 -0.004581473234 0.999989504996 -0.000000000000 -2.374975074367 -0.008726443913 -0.000039980389 0.999961923064 0.000094953423
800000.000000000000 0.972222222222 1.458333333333 0.500000000000 0.500000000000 1920.000000000000 1080.000000000000 0.999952404147 0.004363143119 0.008726535498 -0.010907857797 -0.004363309260 0.999990480721 -0.000000000000 -2.499976201802 -0.008726452428 -0.000038076573 0.999961923064 0.000095191433
840000.000000000000 0.972222222222 1.458333333333 0.500000000000 0.500000000000 1920.000000000000 1080.000000000000 0.999953332241 0.004144987244 0.008726535498 -0.010880591516 -0.004145145078 0.999991408849 -0.000000000000 -2.624977448229 -0.008726460527 -0.000036172756 0.999961923064 0.000094953484
880000.000000000000 0.972222222222 1.458333333333 0.500000000000 0.500000000000 1920.000000000000 1080.000000000000 0.999954212739 0.003926831174 0.008726535498 -0.010798785728 -0.003926980701 0.999992289382 -0.000000000000 -2.749978795799 -0.008726468211 -0.000034268936 0.999961923064 0.000094239575
920000.000000000000 0.972222222222 1.458333333333 0.500000000000 0.500000000000 1920.000000000000 1080.000000000000 0.999955045644 0.003708674915 0.008726535498 -0.010662440380 -0.003708816135 0.999993122318 -0.000000000000 -2.874980226664 -0.008726475480 -0.000032365116 0.999961923064 0.000093049708
960000.000000000000 0.972222222222 1.458333333333 0.500000000000 0.500000000000 1920.000000000000 1080.000000000000 0.999955830954 0.003490518479 0.008726535498 -0.010471555438 -0.003490651393 0.999993907658 -0.000000000000 -2.999981722974 -0.008726482333 -0.000030461293 0.999961923064 0.000091383880
1000000.000000000000 0.972222222222 1.458333333333 0.500000000000 0.500000000000 1920.000000000000 1080.000000000000 0.999956568670 0.003272361879 0.008726535498 -0.010226130873 -0.003272486486 0.999994645402 -0.000000000000 -3.124983266881 -0.008726488771 -0.000028557469 0.999961923064 0.000089242092
1040000.000000000000 0.972222222222 1.458333333333 0.500000000000 0.500000000000 1920.000000000000 1080.000000000000 0.999957258791 0.003054205124 0.008726535498 -0.009926166652 -0.003054321423 0.999995335549 -0.000000000000 -3.249984840536 -0.008726494794 -0.000026653644 0.999961923064 0.000086624344
1080000.000000000000 0.972222222222 1.458333333333 0.500000000000 0.500000000000 1920.000000000000 1080.000000000000 0.999957901318 0.002836048221 0.008726535498 -0.009571662746 -0.002836156213 0.999995978101 -0.000000000000 -3.374986426090 -0.008726500401 -0.000024749818 0.999961923064 0.000083530635
1120000.000000000000 0.972222222222 1.458333333333 0.500000000000 0.500000000000 1920.000000000000 1080.000000000000 0.999958496251 0.002617891185 0.008726535498 -0.009162619147 -0.002617990870 0.999996573056 -0.000000000000 -3.499988005696 -0.008726505593 -0.000022845990 0.999961923064 0.000079960966
1160000.000000000000 0.972222222222 1.458333333333 0.500000000000 0.500000000000 1920.000000000000 1080.000000000000 0.999959043589 0.002399734024 0.008726535498 -0.008699035838 -0.002399825402 0.999997120415 -0.000000000000 -3.624989561504 -0.008726510370 -0.000020942162 0.999961923064 0.000075915336
1200000.000000000000 0.972222222222 1.458333333333 0.500000000000 0.500000000000 1920.000000000000 1080.000000000000 0.999959543332 0.002181576748 0.008726535498 -0.008180912804 -0.002181659819 0.999997620177 -0.000000000000 -3.749991075665 -0.008726514731 -0.000019038332 0.999961923064 0.000071393744
1240000.000000000000 0.972222222222 1.458333333333 0.500000000000 0.500000000000 1920.000000000000 1080.000000000000 0.999959995481 0.001963419369 0.008726535498 -0.007608250055 -0.001963494133 0.999998072344 -0.000000000000 -3.874992530331 -0.008726518677 -0.000017134501 0.999961923064 0.000066396192
1280000.000000000000 0.972222222222 1.458333333333 0.500000000000 0.500000000000 1920.000000000000 1080.000000000000 0.999960400035 0.001745261897 0.008726535498 -0.006981047588 -0.001745328354 0.999998476913 -0.000000000000 -3.999993907653 -0.008726522207 -0.000015230670 0.999961923064 0.000060922679
1320000.000000000000 0.972222222222 1.458333333333 0.500000000000 0.500000000000 1920.000000000000 1080.000000000000 0.999960756995 0.001527104342 0.008726535498 -0.006299305410 -0.001527162491 0.999998833887 -0.000000000000 -4.124995189783 -0.008726525322 -0.000013326838 0.999961923064 0.000054973205
1360000.000000000000 0.972222222222 1.458333333333 0.500000000000 0.500000000000 1920.000000000000 1080.000000000000 0.999961066360 0.001308946712 0.008726535498 -0.005563023527 -0.001308996555 0.999999143264 -0.000000000000 -4.249996358870 -0.008726528022 -0.000011423005 0.999961923064 0.000048547771
1400000.000000000000 0.972222222222 1.458333333333 0.500000000000 0.500000000000 1920.000000000000 1080.000000000000 0.999961328131 0.001090789022 0.008726535498 -0.004772201971 -0.001090830557 0.999999405044 -0.000000000000 -4.374997397068 -0.008726530306 -0.000009519172 0.999961923064 0.000041646376
1440000.000000000000 0.972222222222 1.458333333333 0.500000000000 0.500000000000 1920.000000000000 1080.000000000000 0.999961542307 0.000872631280 0.008726535498 -0.003926840759 -0.000872664508 0.999999619228 -0.000000000000 -4.499998286527 -0.008726532176 -0.000007615338 0.999961923064 0.000034269020
1480000.000000000000 0.972222222222 1.458333333333 0.500000000000 0.500000000000 1920.000000000000 1080.000000000000 0.999961708888 0.000654473496 0.008726535498 -0.003026939920 -0.000654498418 0.999999785816 -0.000000000000 -4.624999009398 -0.008726533629 -0.000005711504 0.999961923064 0.000026415704
1520000.000000000000 0.972222222222 1.458333333333 0.500000000000 0.500000000000 1920.000000000000 1080.000000000000 0.999961827875 0.000436315681 0.008726535498 -0.002072499487 -0.000436332296 0.999999904807 -0.000000000000 -4.749999547834 -0.008726534668 -0.000003807669 0.999961923064 0.000018086429
1560000.000000000000 0.972222222222 1.458333333333 0.500000000000 0.500000000000 1920.000000000000 1080.000000000000 0.999961899267 0.000218157846 0.008726535498 -0.001063519499 -0.000218166153 0.999999976202 -0.000000000000 -4.874999883984 -0.008726535291 -0.000001903835 0.999961923064 0.000009281194
1600000.000000000000 0.972222222222 1.458333333333 0.500000000000 0.500000000000 1920.000000000000 1080.000000000000 0.999961923064 -0.000000000000 0.008726535498 -0.000000000000 -0.000000000000 1.000000000000 -0.000000000000 -5.000000000000 -0.008726535498 -0.000000000000 0.999961923064 -0.000000000000
1640000.000000000000 0.972222222222 1.458333333333 0.500000000000 0.500000000000 1920.000000000000 1080.000000000000 0.999961899267 -0.000218157846 0.008726535498 0.001118058960 0.000218166153 0.999999976202 -0.000000000000 -5.124999878034 -0.008726535291 0.000001903835 0.999961923064 -0.000009757153
1680000.000000000000 0.972222222222 1.458333333333 0.500000000000 0.500000000000 1920.000000000000 1080.000000000000 0.999961827875 -0.000436315681 0.008726535498 0.002290657328 0.000436332296 0.999999904807 -0.000000000000 -5.249999500237 -0.008726534668 0.000003807669 0.999961923064 -0.000019990264
1720000.000000000000 0.972222222222 1.458333333333 0.500000000000 0.500000000000 1920.000000000000 1080.000000000000 0.999961708888 -0.000654473496 0.008726535498 0.003517795042 0.000654498418 0.999999785816 -0.000000000000 -5.374998848760 -0.008726533629 0.000005711504 0.999961923064 -0.000030699332
1760000.000000000000 0.972222222222 1.458333333333 0.500000000000 0.500000000000 1920.000000000000 1080.000000000000 0.999961542307 -0.000872631280 0.008726535498 0.004799472039 0.000872664508 0.999999619228 -0.000000000000 -5.499997905755 -0.008726532176 0.000007615338 0.999961923064 -0.000041884358
1800000.000000000000 0.972222222222 1.458333333333 0.500000000000 0.500000000000 1920.000000000000 1080.000000000000 0.999961328131 -0.001090789022 0.008726535498 0.006135688248 0.001090830557 0.999999405044 -0.000000000000 -5.624996653373 -0.008726530306 0.000009519172 0.999961923064 -0.000053545340
1840000.000000000000 0.972222222222 1.458333333333 0.500000000000 0.500000000000 1920.000000000000 1080.000000000000 0.999961066360 -0.001308946712 0.008726535498 0.007526443595 0.001308996555 0.999999143264 -0.000000000000 -5.749995073766 -0.008726528022 0.000011423005 0.999961923064 -0.000065682278
1880000.000000000000 0.972222222222 1.458333333333 0.500000000000 0.500000000000 1920.000000000000 1080.000000000000 0.999960756995 -0.001527104342 0.008726535498 0.008971738008 0.001527162491 0.999998833887 -0.000000000000 -5.874993149084 -0.008726525322 0.000013326838 0.999961923064 -0.000078295171
1920000.000000000000 0.972222222222 1.458333333333 0.500000000000 0.500000000000 1920.000000000000 1080.000000000000 0.999960400035 -0.001745261897 0.008726535498 0.010471571382 0.001745328354 0.999998476913 -0.000000000000 -5.999990861480 -0.008726522207 0.000015230670 0.999961923064 -0.000091384019
1960000.000000000000 0.972222222222 1.458333333333 0.500000000000 0.500000000000 1920.000000000000 1080.000000000000 0.999959995481 -0.001963419369 0.008726535498 0.012025943635 0.001963494133 0.999998072344 -0.000000000000 -6.124988193104 -0.008726518677 0.000017134501 0.999961923064 -0.000104948820
2000000.000000000000 0.972222222222 1.458333333333 0.500000000000 0.500000000000 1920.000000000000 1080.000000000000 0.999959543332 -0.002181576748 0.008726535498 0.013634854673 0.002181659819 0.999997620177 -0.000000000000 -6.249985126109 -0.008726514731 0.000019038332 0.999961923064 -0.000118989574
2040000.000000000000 0.972222222222 1.458333333333 0.500000000000 0.500000000000 1920.000000000000 1080.000000000000 0.999959043589 -0.002399734024 0.008726535498 0.015298304405 0.002399825402 0.999997120415 -0.000000000000 -6.374981642645 -0.008726510370 0.000020942162 0.999961923064 -0.000133506280
2080000.000000000000 0.972222222222 1.458333333333 0.500000000000 0.500000000000 1920.000000000000 1080.000000000000 0.999958496251 -0.002617891185 0.008726535498 0.017016292702 0.002617990870 0.999996573056 -0.000000000000 -6.499977724864 -0.008726505593 0.000022845990 0.999961923064 -0.000148498937
2120000.000000000000 0.972222222222 1.458333333333 0.500000000000 0.500000000000 1920.000000000000 1080.000000000000 0.999957901318 -0.002836048221 0.008726535498 0.018788819463 0.002836156213 0.999995978101 -0.000000000000 -6.624973354918 -0.008726500401 0.000024749818 0.999961923064 -0.000163967543
2160000.000000000000 0.972222222222 1.458333333333 0.500000000000 0.500000000000 1920.000000000000 1080.000000000000 0.999957258791 -0.003054205124 0.008726535498 0.020615884585 0.003054321423 0.999995335549 -0.000000000000 -6.749968514959 -0.008726494794 0.000026653644 0.999961923064 -0.000179912099
2200000.000000000000 0.972222222222 1.458333333333 0.500000000000 0.500000000000 1920.000000000000 1080.000000000000 0.999956568670 -0.003272361879 0.008726535498 0.022497487920 0.003272486486 0.999994645402 -0.000000000000 -6.874963187137 -0.008726488771 0.000028557469 0.999961923064 -0.000196332603
2240000.000000000000 0.972222222222 1.458333333333 0.500000000000 0.500000000000 1920.000000000000 1080.000000000000 0.999955830954 -0.003490518479 0.008726535498 0.024433629355 0.003490651393 0.999993907658 -0.000000000000 -6.999957353605 -0.008726482333 0.000030461293 0.999961923064 -0.000213229053
2280000.000000000000 0.972222222222 1.458333333333 0.500000000000 0.500000000000 1920.000000000000 1080.000000000000 0.999955045644 -0.003708674915 0.008726535498 0.026424308767 0.003708816135 0.999993122318 -0.000000000000 -7.124950996514 -0.008726475480 0.000032365116 0.999961923064 -0.000230601449
2320000.000000000000 0.972222222222 1.458333333333 0.500000000000 0.500000000000 1920.000000000000 1080.000000000000 0.999954212739 -0.003926831174 0.008726535498 0.028469526010 0.003926980701 0.999992289382 -0.000000000000 -7.249944098016 -0.008726468211 0.000034268936 0.999961923064 -0.000248449790
2360000.000000000000 0.972222222222 1.458333333333 0.500000000000 0.500000000000 1920.000000000000 1080.000000000000 0.999953332241 -0.004144987244 0.008726535498 0.030569280925 0.004145145078 0.999991408849 -0.000000000000 -7.374936640263 -0.008726460527 0.000036172756 0.999961923064 -0.000266774073
2400000.000000000000 0.972222222222 1.458333333333 0.500000000000 0.500000000000 1920.000000000000 1080.000000000000 0.999952404147 -0.004363143119 0.008726535498 0.032723573391 0.004363309260 0.999990480721 -0.000000000000 -7.499928605406 -0.008726452428 0.000038076573 0.999961923064 -0.000285574299
2440000.000000000000 0.972222222222 1.458333333333 0.500000000000 0.500000000000 1920.000000000000 1080.000000000000 0.999951428460 -0.004581298786 0.008726535498 0.034932403243 0.004581473234 0.999989504996 -0.000000000000 -7.624919975598 -0.008726443913 0.000039980389 0.999961923064 -0.000304850465
2480000.000000000000 0.972222222222 1.458333333333 0.500000000000 0.500000000000 1920.000000000000 1080.000000000000 0.999950405179 -0.004799454235 0.008726535498 0.037195770322 0.004799636991 0.999988481676 -0.000000000000 -7.749910732989 -0.008726434983 0.000041884203 0.999961923064 -0.000324602570
2520000.000000000000 0.972222222222 1.458333333333 0.500000000000 0.500000000000 1920.000000000000 1080.000000000000 0.999949334303 -0.005017609456 0.008726535498 0.039513674464 0.005017800518 0.999987410760 -0.000000000000 -7.874900859733 -0.008726425638 0.000043788014 0.999961923064 -0.000344830613
2560000.000000000000 0.972222222222 1.458333333333 0.500000000000 0.500000000000 1920.000000000000 1080.000000000000 0.999948215834 -0.005235764438 0.008726535498 0.041886115500 0.005235963807 0.999986292248 -0.000000000000 -7.999890337980 -0.008726415877 0.000045691824 0.999961923064 -0.000365534592
2600000.000000000000 0.972222222222 1.458333333333 0.500000000000 0.500000000000 1920.000000000000 1080.000000000000 0.999947049770 -0.005453919170 0.008726535498 0.044313093257 0.005454126847 0.999985126140 -0.000000000000 -8.124879149884 -0.008726405701 0.000047595632 0.999961923064 -0.000386714506
2640000.000000000000 0.972222222222 1.458333333333 0.500000000000 0.500000000000 1920.000000000000 1080.000000000000 0.999945836113 -0.005672073643 0.008726535498 0.046794607556 0.005672289627 0.999983912436 -0.000000000000 -8.249867277595 -0.008726395110 0.000049499437 0.999961923064 -0.000408370353
2680000.000000000000 0.972222222222 1.458333333333 0.500000000000 0.500000000000 1920.000000000000 1080.000000000000 0.999944574861 -0.005890227846 0.008726535498 0.049330658212 0.005890452137 0.999982651136 -0.000000000000 -8.374854703267 -0.008726384103 0.000051403240 0.999961923064 -0.000430502132
2720000.000000000000 0.972222222222 1.458333333333 0.500000000000 0.500000000000 1920.000000000000 1080.000000000000 0.999943266016 -0.006108381771 0.008726535498 0.051921245051 0.006108614368 0.999981342241 -0.000000000000 -8.499841409050 -0.008726372681 0.000053307040 0.999961923064 -0.000453109841
2760000.000000000000 0.972222222222 1.458333333333 0.500000000000 0.500000000000 1920.000000000000 1080.000000000000 0.999941909577 -0.006326535403 0.008726535498 0.054566367848 0.006326776307 0.999979985750 -0.000000000000 -8.624827377098 -0.008726360843 0.000055210838 0.999961923064 -0.000476193478
2800000.000000000000 0.972222222222 1.458333333333 0.500000000000 0.500000000000 1920.000000000000 1080.000000000000 0.999940505544 -0.006544688735 0.008726535498 0.057266026433 0.006544937946 0.999978581664 -0.000000000000 -8.749812589562 -0.008726348591 0.000057114633 0.999961923064 -0.000499753042
2840000.000000000000 0.972222222222 1.458333333333 0.500000000000 0.500000000000 1920.000000000000 1080.000000000000 0.999939053918 -0.006762841755 0.008726535498 0.060020220572 0.006763099273 0.999977129983 -0.000000000000 -8.874797028596 -0.008726335922 0.000059018426 0.999961923064 -0.000523788530
2880000.000000000000 0.972222222222 1.458333333333 0.500000000000 0.500000000000 1920.000000000000 1080.000000000000 0.999937554698 -0.006980994454 0.008726535498 0.062828950084 0.006981260279 0.999975630706 -0.000000000000 -8.999780676350 -0.008726322839 0.000060922216 0.999961923064 -0.000548299941
2920000.000000000000 0.972222222222 1.458333333333 0.500000000000 0.500000000000 1920.000000000000 1080.000000000000 0.999936007884 -0.007199146821 0.008726535498 0.065692214739 0.007199420953 0.999974083833 -0.000000000000 -9.124763514977 -0.008726309340 0.000062826003 0.999961923064 -0.000573287273
2960000.000000000000 0.972222222222 1.458333333333 0.500000000000 0.500000000000 1920.000000000000 1080.000000000000 0.999934413477 -0.007417298845 0.008726535498 0.068610014316 0.007417581284 0.999972489366 -0.000000000000 -9.249745526631 -0.008726295426 0.000064729786 0.999961923064 -0.000598750524
3000000.000000000000 0.972222222222 1.458333333333 0.500000000000 0.500000000000 1920.000000000000 1080.000000000000 0.999932771477 -0.007635450516 0.008726535498 0.071582348589 0.007635741262 0.999970847303 -0.000000000000 -9.374726693463 -0.008726281096 0.000066633567 0.999961923064 -0.000624689692
3040000.000000000000 0.972222222222 1.458333333333 0.500000000000 0.500000000000 1920.000000000000 1080.000000000000 0.999931081883 -0.007853601826 0.008726535498 0.074609217345 0.007853900878 0.999969157645 -0.000000000000 -9.499706997626 -0.008726266351 0.000068537345 0.999961923064 -0.000651104776
3080000.000000000000 0.972222222222 1.458333333333 0.500000000000 0.500000000000 1920.000000000000 1080.000000000000 0.999929344697 -0.008071752760 0.008726535498 0.077690620313 0.008072060119 0.999967420392 -0.000000000000 -9.624686421273 -0.008726251191 0.000070441119 0.999961923064 -0.000677995772
3120000.000000000000 0.972222222222 1.458333333333 0.500000000000 0.500000000000 1920.000000000000 1080.000000000000 0.999927559917 -0.008289903311 0.008726535498 0.080826557286 0.008290218977 0.999965635544 -0.000000000000 -9.749664946556 -0.008726235616 0.000072344890 0.999961923064 -0.000705362679
3160000.000000000000 0.972222222222 1.458333333333 0.500000000000 0.500000000000 1920.000000000000 1080.000000000000 0.999925727544 -0.008508053467 0.008726535498 0.084017027983 0.008508377440 0.999963803102 -0.000000000000 -9.874642555628 -0.008726219625 0.000074248658 0.999961923064 -0.000733205495
