source:translation:configs/../inputs/nukeCam_unit-1-split_tr.asci rotation:configs/../inputs/nukeCam_unit-1-split_rot.asci fps:25.0 fx:0.9722222222222222 fy:1.4583333333333333 cx:0.5 cy:0.5 width:1920 height:1080 unit_scale:1
0.000000000000 0.972222222222 1.458333333333 0.500000000000 0.500000000000 1920.000000000000 1080.000000000000 1.000000000000 -0.000000000000 0.000000000000 -0.000000000000 -0.000000000000 1.000000000000 -0.000000000000 -0.500000000000 0.000000000000 -0.000000000000 1.000000000000 0.500000000000
40000.000000000000 0.972222222222 1.458333333333 0.500000000000 0.500000000000 1920.000000000000 1080.000000000000 0.999997620177 -0.000000000000 0.002181659834 -0.003936428832 -0.000000000000 1.000000000000 -0.000000000000 -0.500000000000 -0.002181659834 -0.000000000000 0.999997620177 0.487509747935
80000.000000000000 0.972222222222 1.458333333333 0.500000000000 0.500000000000 1920.000000000000 1080.000000000000 0.999990480721 -0.000000000000 0.004363309285 -0.007927332698 -0.000000000000 1.000000000000 -0.000000000000 -0.500000000000 -0.004363309285 -0.000000000000 0.999990480721 0.475039111134
120000.000000000000 0.972222222222 1.458333333333 0.500000000000 0.500000000000 1920.000000000000 1080.000000000000 0.999978581664 -0.000000000000 0.006544937967 -0.011972644618 -0.000000000000 1.000000000000 -0.000000000000 -0.500000000000 -0.006544937967 -0.000000000000 0.999978581664 0.462588267587
160000.000000000000 0.972222222222 1.458333333333 0.500000000000 0.500000000000 1920.000000000000 1080.000000000000 0.999961923064 -0.000000000000 0.008726535498 -0.016072297092 -0.000000000000 1.000000000000 -0.000000000000 -0.500000000000 -0.008726535498 -0.000000000000 0.999961923064 0.450157395485
200000.000000000000 0.972222222222 1.458333333333 0.500000000000 0.500000000000 1920.000000000000 1080.000000000000 0.999940505000 -0.000000000000 0.010908091494 -0.020226222105 -0.000000000000 1.000000000000 -0.000000000000 -0.500000000000 -0.010908091494 -0.000000000000 0.999940505000 0.437746672420
240000.000000000000 0.972222222222 1.458333333333 0.500000000000 0.500000000000 1920.000000000000 1080.000000000000 0.999914327574 -0.000000000000 0.013089595571 -0.024434351221 -0.000000000000 1.000000000000 -0.000000000000 -0.500000000000 -0.013089595571 -0.000000000000 0.999914327574 0.425356276180
280000.000000000000 0.972222222222 1.458333333333 0.500000000000 0.500000000000 1920.000000000000 1080.000000000000 0.999883390910 -0.000000000000 0.015271037347 -0.028696615192 -0.000000000000 1.000000000000 -0.000000000000 -0.500000000000 -0.015271037347 -0.000000000000 0.999883390910 0.412986384049
320000.000000000000 0.972222222222 1.458333333333 0.500000000000 0.500000000000 1920.000000000000 1080.000000000000 0.999847695156 -0.000000000000 0.017452406437 -0.033012944651 -0.000000000000 1.000000000000 -0.000000000000 -0.500000000000 -0.017452406437 -0.000000000000 0.999847695156 0.400637173210
360000.000000000000 0.972222222222 1.458333333333 0.500000000000 0.500000000000 1920.000000000000 1080.000000000000 0.999807240482 -0.000000000000 0.019633692461 -0.037383269317 -0.000000000000 1.000000000000 -0.000000000000 -0.500000000000 -0.019633692461 -0.000000000000 0.999807240482 0.388308820634
400000.000000000000 0.972222222222 1.458333333333 0.500000000000 0.500000000000 1920.000000000000 1080.000000000000 0.999762027080 -0.000000000000 0.021814885035 -0.041807518792 -0.000000000000 1.000000000000 -0.000000000000 -0.500000000000 -0.021814885035 -0.000000000000 0.999762027080 0.376001503192
440000.000000000000 0.972222222222 1.458333333333 0.500000000000 0.500000000000 1920.000000000000 1080.000000000000 0.999712055165 -0.000000000000 0.023995973777 -0.046285621771 -0.000000000000 1.000000000000 -0.000000000000 -0.500000000000 -0.023995973777 -0.000000000000 0.999712055165 0.363715397236
480000.000000000000 0.972222222222 1.458333333333 0.500000000000 0.500000000000 1920.000000000000 1080.000000000000 0.999657324976 -0.000000000000 0.026176948308 -0.050817506825 -0.000000000000 1.000000000000 -0.000000000000 -0.500000000000 -0.026176948308 -0.000000000000 0.999657324976 0.351450679319
520000.000000000000 0.972222222222 1.458333333333 0.500000000000 0.500000000000 1920.000000000000 1080.000000000000 0.999597836772 -0.000000000000 0.028357798245 -0.055403101722 -0.000000000000 1.000000000000 -0.000000000000 -0.500000000000 -0.028357798245 -0.000000000000 0.999597836772 0.339207525374
560000.000000000000 0.972222222222 1.458333333333 0.500000000000 0.500000000000 1920.000000000000 1080.000000000000 0.999533590837 -0.000000000000 0.030538513210 -0.060042333809 -0.000000000000 1.000000000000 -0.000000000000 -0.500000000000 -0.030538513210 -0.000000000000 0.999533590837 0.326986111523
600000.000000000000 0.972222222222 1.458333333333 0.500000000000 0.500000000000 1920.000000000000 1080.000000000000 0.999464587476 -0.000000000000 0.032719082822 -0.064735129825 -0.000000000000 1.000000000000 -0.000000000000 -0.500000000000 -0.032719082822 -0.000000000000 0.999464587476 0.314786613369
640000.000000000000 0.972222222222 1.458333333333 0.500000000000 0.500000000000 1920.000000000000 1080.000000000000 0.999390827019 -0.000000000000 0.034899496703 -0.069481416300 -0.000000000000 1.000000000000 -0.000000000000 -0.500000000000 -0.034899496703 -0.000000000000 0.999390827019 0.302609206411
680000.000000000000 0.972222222222 1.458333333333 0.500000000000 0.500000000000 1920.000000000000 1080.000000000000 0.999312309816 -0.000000000000 0.037079744474 -0.074281118951 -0.000000000000 1.000000000000 -0.000000000000 -0.500000000000 -0.037079744474 -0.000000000000 0.999312309816 0.290454065920
720000.000000000000 0.972222222222 1.458333333333 0.500000000000 0.500000000000 1920.000000000000 1080.000000000000 0.999229036241 -0.000000000000 0.039259815759 -0.079134163084 -0.000000000000 1.000000000000 -0.000000000000 -0.500000000000 -0.039259815759 -0.000000000000 0.999229036241 0.278321366950
760000.000000000000 0.972222222222 1.458333333333 0.500000000000 0.500000000000 1920.000000000000 1080.000000000000 0.999141006690 -0.000000000000 0.041439700181 -0.084040473597 -0.000000000000 1.000000000000 -0.000000000000 -0.500000000000 -0.041439700181 -0.000000000000 0.999141006690 0.266211284341
800000.000000000000 0.972222222222 1.458333333333 0.500000000000 0.500000000000 1920.000000000000 1080.000000000000 0.999048221582 -0.000000000000 0.043619387365 -0.088999974579 -0.000000000000 1.000000000000 -0.000000000000 -0.500000000000 -0.043619387365 -0.000000000000 0.999048221582 0.254123992698
840000.000000000000 0.972222222222 1.458333333333 0.500000000000 0.500000000000 1920.000000000000 1080.000000000000 0.998950681359 -0.000000000000 0.045798866937 -0.094012589910 -0.000000000000 1.000000000000 -0.000000000000 -0.500000000000 -0.045798866937 -0.000000000000 0.998950681359 0.242059666416
880000.000000000000 0.972222222222 1.458333333333 0.500000000000 0.500000000000 1920.000000000000 1080.000000000000 0.998848386485 -0.000000000000 0.047978128521 -0.099078242859 -0.000000000000 1.000000000000 -0.000000000000 -0.500000000000 -0.047978128521 -0.000000000000 0.998848386485 0.230018479760
920000.000000000000 0.972222222222 1.458333333333 0.500000000000 0.500000000000 1920.000000000000 1080.000000000000 0.998741337447 -0.000000000000 0.050157161747 -0.104196856201 -0.000000000000 1.000000000000 -0.000000000000 -0.500000000000 -0.050157161747 -0.000000000000 0.998741337447 0.218000606470
960000.000000000000 0.972222222222 1.458333333333 0.500000000000 0.500000000000 1920.000000000000 1080.000000000000 0.998629534755 -0.000000000000 0.052335956243 -0.109368352191 -0.000000000000 1.000000000000 -0.000000000000 -0.500000000000 -0.052335956243 -0.000000000000 0.998629534755 0.206006220360
1000000.000000000000 0.972222222222 1.458333333333 0.500000000000 0.500000000000 1920.000000000000 1080.000000000000 0.998512978940 -0.000000000000 0.054514501638 -0.114592652677 -0.000000000000 1.000000000000 -0.000000000000 -0.500000000000 -0.054514501638 -0.000000000000 0.998512978940 0.194035495020
1040000.000000000000 0.972222222222 1.458333333333 0.500000000000 0.500000000000 1920.000000000000 1080.000000000000 0.998391670557 -0.000000000000 0.056692787563 -0.119869678712 -0.000000000000 1.000000000000 -0.000000000000 -0.500000000000 -0.056692787563 -0.000000000000 0.998391670557 0.182088603593
1080000.000000000000 0.972222222222 1.458333333333 0.500000000000 0.500000000000 1920.000000000000 1080.000000000000 0.998265610185 -0.000000000000 0.058870803651 -0.125199351247 -0.000000000000 1.000000000000 -0.000000000000 -0.500000000000 -0.058870803651 -0.000000000000 0.998265610185 0.170165719015
1120000.000000000000 0.972222222222 1.458333333333 0.500000000000 0.500000000000 1920.000000000000 1080.000000000000 0.998134798422 -0.000000000000 0.061048539535 -0.130581590311 -0.000000000000 1.000000000000 -0.000000000000 -0.500000000000 -0.061048539535 -0.000000000000 0.998134798422 0.158267014263
1160000.000000000000 0.972222222222 1.458333333333 0.500000000000 0.500000000000 1920.000000000000 1080.000000000000 0.997999235891 -0.000000000000 0.063225984849 -0.136016315746 -0.000000000000 1.000000000000 -0.000000000000 -0.500000000000 -0.063225984849 -0.000000000000 0.997999235891 0.146392661802
1200000.000000000000 0.972222222222 1.458333333333 0.500000000000 0.500000000000 1920.000000000000 1080.000000000000 0.997858923239 -0.000000000000 0.065403129230 -0.141503446892 -0.000000000000 1.000000000000 -0.000000000000 -0.500000000000 -0.065403129230 -0.000000000000 0.997858923239 0.134542833859
1240000.000000000000 0.972222222222 1.458333333333 0.500000000000 0.500000000000 1920.000000000000 1080.000000000000 0.997713861131 -0.000000000000 0.067579962315 -0.147042902270 -0.000000000000 1.000000000000 -0.000000000000 -0.500000000000 -0.067579962315 -0.000000000000 0.997713861131 0.122717702704
1280000.000000000000 0.972222222222 1.458333333333 0.500000000000 0.500000000000 1920.000000000000 1080.000000000000 0.997564050260 -0.000000000000 0.069756473744 -0.152634600317 -0.000000000000 1.000000000000 -0.000000000000 -0.500000000000 -0.069756473744 -0.000000000000 0.997564050260 0.110917440099
1320000.000000000000 0.972222222222 1.458333333333 0.500000000000 0.500000000000 1920.000000000000 1080.000000000000 0.997409491337 -0.000000000000 0.071932653157 -0.158278458564 -0.000000000000 1.000000000000 -0.000000000000 -0.500000000000 -0.071932653157 -0.000000000000 0.997409491337 0.099142217636
1360000.000000000000 0.972222222222 1.458333333333 0.500000000000 0.500000000000 1920.000000000000 1080.000000000000 0.997250185099 -0.000000000000 0.074108490195 -0.163974394448 -0.000000000000 1.000000000000 -0.000000000000 -0.500000000000 -0.074108490195 -0.000000000000 0.997250185099 0.087392206595
1400000.000000000000 0.972222222222 1.458333333333 0.500000000000 0.500000000000 1920.000000000000 1080.000000000000 0.997086132304 -0.000000000000 0.076283974504 -0.169722324486 -0.000000000000 1.000000000000 -0.000000000000 -0.500000000000 -0.076283974504 -0.000000000000 0.997086132304 0.075667578286
1440000.000000000000 0.972222222222 1.458333333333 0.500000000000 0.500000000000 1920.000000000000 1080.000000000000 0.996917333733 -0.000000000000 0.078459095728 -0.175522165118 -0.000000000000 1.000000000000 -0.000000000000 -0.500000000000 -0.078459095728 -0.000000000000 0.996917333733 0.063968503503
1480000.000000000000 0.972222222222 1.458333333333 0.500000000000 0.500000000000 1920.000000000000 1080.000000000000 0.996743790189 -0.000000000000 0.080633843514 -0.181373831878 -0.000000000000 1.000000000000 -0.000000000000 -0.500000000000 -0.080633843514 -0.000000000000 0.996743790189 0.052295152867
1520000.000000000000 0.972222222222 1.458333333333 0.500000000000 0.500000000000 1920.000000000000 1080.000000000000 0.996565502498 -0.000000000000 0.082808207512 -0.187277240204 -0.000000000000 1.000000000000 -0.000000000000 -0.500000000000 -0.082808207512 -0.000000000000 0.996565502498 0.040647696782
1560000.000000000000 0.972222222222 1.458333333333 0.500000000000 0.500000000000 1920.000000000000 1080.000000000000 0.996382471508 -0.000000000000 0.084982177372 -0.193232304636 -0.000000000000 1.000000000000 -0.000000000000 -0.500000000000 -0.084982177372 -0.000000000000 0.996382471508 0.029026305373
1600000.000000000000 0.972222222222 1.458333333333 0.500000000000 0.500000000000 1920.000000000000 1080.000000000000 0.996194698092 -0.000000000000 0.087155742748 -0.199238939618 -0.000000000000 1.000000000000 -0.000000000000 -0.500000000000 -0.087155742748 -0.000000000000 0.996194698092 0.017431148550
1640000.000000000000 0.972222222222 1.458333333333 0.500000000000 0.500000000000 1920.000000000000 1080.000000000000 0.996002183142 -0.000000000000 0.089328893292 -0.205297058801 -0.000000000000 1.000000000000 -0.000000000000 -0.500000000000 -0.089328893292 -0.000000000000 0.996002183142 0.005862395944
1680000.000000000000 0.972222222222 1.458333333333 0.500000000000 0.500000000000 1920.000000000000 1080.000000000000 0.995804927575 -0.000000000000 0.091501618663 -0.211406575339 -0.000000000000 1.000000000000 -0.000000000000 -0.500000000000 -0.091501618663 -0.000000000000 0.995804927575 -0.005679783062
1720000.000000000000 0.972222222222 1.458333333333 0.500000000000 0.500000000000 1920.000000000000 1080.000000000000 0.995602932329 -0.000000000000 0.093673908519 -0.217567402191 -0.000000000000 1.000000000000 -0.000000000000 -0.500000000000 -0.093673908519 -0.000000000000 0.995602932329 -0.017195219313
1760000.000000000000 0.972222222222 1.458333333333 0.500000000000 0.500000000000 1920.000000000000 1080.000000000000 0.995396198367 -0.000000000000 0.095845752520 -0.223779451428 -0.000000000000 1.000000000000 -0.000000000000 -0.500000000000 -0.095845752520 -0.000000000000 0.995396198367 -0.028683743947
1800000.000000000000 0.972222222222 1.458333333333 0.500000000000 0.500000000000 1920.000000000000 1080.000000000000 0.995184726672 -0.000000000000 0.098017140330 -0.230042635021 -0.000000000000 1.000000000000 -0.000000000000 -0.500000000000 -0.098017140330 -0.000000000000 0.995184726672 -0.040145188316
1840000.000000000000 0.972222222222 1.458333333333 0.500000000000 0.500000000000 1920.000000000000 1080.000000000000 0.994968518251 -0.000000000000 0.100188061612 -0.236356864057 -0.000000000000 1.000000000000 -0.000000000000 -0.500000000000 -0.100188061612 -0.000000000000 0.994968518251 -0.051579384071
1880000.000000000000 0.972222222222 1.458333333333 0.500000000000 0.500000000000 1920.000000000000 1080.000000000000 0.994747574132 -0.000000000000 0.102358506035 -0.242722049536 -0.000000000000 1.000000000000 -0.000000000000 -0.500000000000 -0.102358506035 -0.000000000000 0.994747574132 -0.062986163181
1920000.000000000000 0.972222222222 1.458333333333 0.500000000000 0.500000000000 1920.000000000000 1080.000000000000 0.994521895368 -0.000000000000 0.104528463268 -0.249138101540 -0.000000000000 1.000000000000 -0.000000000000 -0.500000000000 -0.104528463268 -0.000000000000 0.994521895368 -0.074365357615
1960000.000000000000 0.972222222222 1.458333333333 0.500000000000 0.500000000000 1920.000000000000 1080.000000000000 0.994291483033 -0.000000000000 0.106697922982 -0.255604930090 -0.000000000000 1.000000000000 -0.000000000000 -0.500000000000 -0.106697922982 -0.000000000000 0.994291483033 -0.085716799862
2000000.000000000000 0.972222222222 1.458333333333 0.500000000000 0.500000000000 1920.000000000000 1080.000000000000 0.994056338222 -0.000000000000 0.108866874852 -0.262122444311 -0.000000000000 1.000000000000 -0.000000000000 -0.500000000000 -0.108866874852 -0.000000000000 0.994056338222 -0.097040322616
2040000.000000000000 0.972222222222 1.458333333333 0.500000000000 0.500000000000 1920.000000000000 1080.000000000000 0.993816462056 -0.000000000000 0.111035308554 -0.268690553247 -0.000000000000 1.000000000000 -0.000000000000 -0.500000000000 -0.111035308554 -0.000000000000 0.993816462056 -0.108335758890
2080000.000000000000 0.972222222222 1.458333333333 0.500000000000 0.500000000000 1920.000000000000 1080.000000000000 0.993571855677 -0.000000000000 0.113203213768 -0.275309165024 -0.000000000000 1.000000000000 -0.000000000000 -0.500000000000 -0.113203213768 -0.000000000000 0.993571855677 -0.119602941710
2120000.000000000000 0.972222222222 1.458333333333 0.500000000000 0.500000000000 1920.000000000000 1080.000000000000 0.993322520247 -0.000000000000 0.115370580174 -0.281978187613 -0.000000000000 1.000000000000 -0.000000000000 -0.500000000000 -0.115370580174 -0.000000000000 0.993322520247 -0.130841704632
2160000.000000000000 0.972222222222 1.458333333333 0.500000000000 0.500000000000 1920.000000000000 1080.000000000000 0.993068456955 -0.000000000000 0.117537397458 -0.288697528499 -0.000000000000 1.000000000000 -0.000000000000 -0.500000000000 -0.117537397458 -0.000000000000 0.993068456955 -0.142051881479
2200000.000000000000 0.972222222222 1.458333333333 0.500000000000 0.500000000000 1920.000000000000 1080.000000000000 0.992809667009 -0.000000000000 0.119703655305 -0.295467094348 -0.000000000000 1.000000000000 -0.000000000000 -0.500000000000 -0.119703655305 -0.000000000000 0.992809667009 -0.153233306080
2240000.000000000000 0.972222222222 1.458333333333 0.500000000000 0.500000000000 1920.000000000000 1080.000000000000 0.992546151641 -0.000000000000 0.121869343405 -0.302286791776 -0.000000000000 1.000000000000 -0.000000000000 -0.500000000000 -0.121869343405 -0.000000000000 0.992546151641 -0.164385812787
2280000.000000000000 0.972222222222 1.458333333333 0.500000000000 0.500000000000 1920.000000000000 1080.000000000000 0.992277912106 -0.000000000000 0.124034451450 -0.309156526516 -0.000000000000 1.000000000000 -0.000000000000 -0.500000000000 -0.124034451450 -0.000000000000 0.992277912106 -0.175509236270
2320000.000000000000 0.972222222222 1.458333333333 0.500000000000 0.500000000000 1920.000000000000 1080.000000000000 0.992004949680 -0.000000000000 0.126198969136 -0.316076204092 -0.000000000000 1.000000000000 -0.000000000000 -0.500000000000 -0.126198969136 -0.000000000000 0.992004949680 -0.186603411238
2360000.000000000000 0.972222222222 1.458333333333 0.500000000000 0.500000000000 1920.000000000000 1080.000000000000 0.991727265662 -0.000000000000 0.128362886159 -0.323045729447 -0.000000000000 1.000000000000 -0.000000000000 -0.500000000000 -0.128362886159 -0.000000000000 0.991727265662 -0.197668172687
2400000.000000000000 0.972222222222 1.458333333333 0.500000000000 0.500000000000 1920.000000000000 1080.000000000000 0.991444861374 -0.000000000000 0.130526192220 -0.330065007078 -0.000000000000 1.000000000000 -0.000000000000 -0.500000000000 -0.130526192220 -0.000000000000 0.991444861374 -0.208703356185
2440000.000000000000 0.972222222222 1.458333333333 0.500000000000 0.500000000000 1920.000000000000 1080.000000000000 0.991157738160 -0.000000000000 0.132688877023 -0.337133941064 -0.000000000000 1.000000000000 -0.000000000000 -0.500000000000 -0.132688877023 -0.000000000000 0.991157738160 -0.219708797268
2480000.000000000000 0.972222222222 1.458333333333 0.500000000000 0.500000000000 1920.000000000000 1080.000000000000 0.990865897387 -0.000000000000 0.134850930274 -0.344252434718 -0.000000000000 1.000000000000 -0.000000000000 -0.500000000000 -0.134850930274 -0.000000000000 0.990865897387 -0.230684331888
2520000.000000000000 0.972222222222 1.458333333333 0.500000000000 0.500000000000 1920.000000000000 1080.000000000000 0.990569340444 -0.000000000000 0.137012341682 -0.351420391173 -0.000000000000 1.000000000000 -0.000000000000 -0.500000000000 -0.137012341682 -0.000000000000 0.990569340444 -0.241629796238
2560000.000000000000 0.972222222222 1.458333333333 0.500000000000 0.500000000000 1920.000000000000 1080.000000000000 0.990268068742 -0.000000000000 0.139173100960 -0.358637712982 -0.000000000000 1.000000000000 -0.000000000000 -0.500000000000 -0.139173100960 -0.000000000000 0.990268068742 -0.252545026804
2600000.000000000000 0.972222222222 1.458333333333 0.500000000000 0.500000000000 1920.000000000000 1080.000000000000 0.989962083715 -0.000000000000 0.141333197824 -0.365904302220 -0.000000000000 1.000000000000 -0.000000000000 -0.500000000000 -0.141333197824 -0.000000000000 0.989962083715 -0.263429860355
2640000.000000000000 0.972222222222 1.458333333333 0.500000000000 0.500000000000 1920.000000000000 1080.000000000000 0.989651386820 -0.000000000000 0.143492621991 -0.373220060388 -0.000000000000 1.000000000000 -0.000000000000 -0.500000000000 -0.143492621991 -0.000000000000 0.989651386820 -0.274284133959
2680000.000000000000 0.972222222222 1.458333333333 0.500000000000 0.500000000000 1920.000000000000 1080.000000000000 0.989335979535 -0.000000000000 0.145651363185 -0.380584888807 -0.000000000000 1.000000000000 -0.000000000000 -0.500000000000 -0.145651363185 -0.000000000000 0.989335979535 -0.285107684925
2720000.000000000000 0.972222222222 1.458333333333 0.500000000000 0.500000000000 1920.000000000000 1080.000000000000 0.989015863362 -0.000000000000 0.147809411130 -0.387998688037 -0.000000000000 1.000000000000 -0.000000000000 -0.500000000000 -0.147809411130 -0.000000000000 0.989015863362 -0.295900350989
2760000.000000000000 0.972222222222 1.458333333333 0.500000000000 0.500000000000 1920.000000000000 1080.000000000000 0.988691039824 -0.000000000000 0.149966755554 -0.395461358224 -0.000000000000 1.000000000000 -0.000000000000 -0.500000000000 -0.149966755554 -0.000000000000 0.988691039824 -0.306661969865
2800000.000000000000 0.972222222222 1.458333333333 0.500000000000 0.500000000000 1920.000000000000 1080.000000000000 0.988361510468 -0.000000000000 0.152123386190 -0.402972798994 -0.000000000000 1.000000000000 -0.000000000000 -0.500000000000 -0.152123386190 -0.000000000000 0.988361510468 -0.317392379966
2840000.000000000000 0.972222222222 1.458333333333 0.500000000000 0.500000000000 1920.000000000000 1080.000000000000 0.988027276861 -0.000000000000 0.154279292772 -0.410532909742 -0.000000000000 1.000000000000 -0.000000000000 -0.500000000000 -0.154279292772 -0.000000000000 0.988027276861 -0.328091419556
2880000.000000000000 0.972222222222 1.458333333333 0.500000000000 0.500000000000 1920.000000000000 1080.000000000000 0.987688340595 -0.000000000000 0.156434465040 -0.418141589051 -0.000000000000 1.000000000000 -0.000000000000 -0.500000000000 -0.156434465040 -0.000000000000 0.987688340595 -0.338758927643
2920000.000000000000 0.972222222222 1.458333333333 0.500000000000 0.500000000000 1920.000000000000 1080.000000000000 0.987344703283 -0.000000000000 0.158588892735 -0.425798735385 -0.000000000000 1.000000000000 -0.000000000000 -0.500000000000 -0.158588892735 -0.000000000000 0.987344703283 -0.349394743173
2960000.000000000000 0.972222222222 1.458333333333 0.500000000000 0.500000000000 1920.000000000000 1080.000000000000 0.986996366560 -0.000000000000 0.160742565604 -0.433504246358 -0.000000000000 1.000000000000 -0.000000000000 -0.500000000000 -0.160742565604 -0.000000000000 0.986996366560 -0.359998705546
3000000.000000000000 0.972222222222 1.458333333333 0.500000000000 0.500000000000 1920.000000000000 1080.000000000000 0.986643332085 -0.000000000000 0.162895473395 -0.441258019505 -0.000000000000 1.000000000000 -0.000000000000 -0.500000000000 -0.162895473395 -0.000000000000 0.986643332085 -0.370570654393
3040000.000000000000 0.972222222222 1.458333333333 0.500000000000 0.500000000000 1920.000000000000 1080.000000000000 0.986285601537 -0.000000000000 0.165047605861 -0.449059951517 -0.000000000000 1.000000000000 -0.000000000000 -0.500000000000 -0.165047605861 -0.000000000000 0.986285601537 -0.381110429807
3080000.000000000000 0.972222222222 1.458333333333 0.500000000000 0.500000000000 1920.000000000000 1080.000000000000 0.985923176620 -0.000000000000 0.167198952759 -0.456909938862 -0.000000000000 1.000000000000 -0.000000000000 -0.500000000000 -0.167198952759 -0.000000000000 0.985923176620 -0.391617871832
3120000.000000000000 0.972222222222 1.458333333333 0.500000000000 0.500000000000 1920.000000000000 1080.000000000000 0.985556059058 -0.000000000000 0.169349503849 -0.464807877507 -0.000000000000 1.000000000000 -0.000000000000 -0.500000000000 -0.169349503849 -0.000000000000 0.985556059058 -0.402092821222
3160000.000000000000 0.972222222222 1.458333333333 0.500000000000 0.500000000000 1920.000000000000 1080.000000000000 0.985184250599 -0.000000000000 0.171499248896 -0.472753662887 -0.000000000000 1.000000000000 -0.000000000000 -0.500000000000 -0.171499248896 -0.000000000000 0.985184250599 -0.412535118639
