source:translation:configs/../inputs/sh0032_unit-1-split_tr.asci rotation:configs/../inputs/sh0032_unit-1-split_rot.asci fps:25.0 fx:0.9305555555555556 fy:1.3958333333333333 cx:0.5 cy:0.5 width:1920 height:1080 unit_scale:1.5
0.000000000000 0.930555555556 1.395833333333 0.500000000000 0.500000000000 1920.000000000000 1080.000000000000 -0.213627520948 -0.028567577033 -0.976497401858 -0.628580364169 -0.073574713352 0.997203961726 -0.013077471945 -0.426147595217 0.974140669436 0.069051808519 -0.215132061514 1.450069018513
40000.000000000000 0.930555555556 1.395833333333 0.500000000000 0.500000000000 1920.000000000000 1080.000000000000 -0.216753313308 -0.028403430091 -0.975813120597 -0.635814111011 -0.073047538975 0.997246297258 -0.012801548906 -0.424963206814 0.973489629231 0.068505968819 -0.218231239781 1.442155778780
80000.000000000000 0.930555555556 1.395833333333 0.500000000000 0.500000000000 1920.000000000000 1080.000000000000 -0.219722829700 -0.028053708359 -0.975158893492 -0.642815631004 -0.072944511846 0.997260720911 -0.012253681886 -0.424360721053 0.972831422344 0.068440075800 -0.221167311609 1.434172093840
120000.000000000000 0.930555555556 1.395833333333 0.500000000000 0.500000000000 1920.000000000000 1080.000000000000 -0.222407349000 -0.027650875951 -0.974561645136 -0.649360732837 -0.073135394810 0.997254508193 -0.011604305870 -0.424176954373 0.972206863346 0.068694067778 -0.223818989175 1.426227994900
160000.000000000000 0.930555555556 1.395833333333 0.500000000000 0.500000000000 1920.000000000000 1080.000000000000 -0.224447243583 -0.027086305212 -0.974109730430 -0.654936246653 -0.072983457365 0.997273431759 -0.010914085331 -0.423462782591 0.971749376022 0.068644259611 -0.225812125058 1.418852522367
200000.000000000000 0.930555555556 1.395833333333 0.500000000000 0.500000000000 1920.000000000000 1080.000000000000 -0.226123337906 -0.026494457653 -0.973738301479 -0.659926636407 -0.072866986864 0.997289364952 -0.010213950236 -0.422801085412 0.971369465384 0.068643763503 -0.227440971359 1.411698136943
240000.000000000000 0.930555555556 1.395833333333 0.500000000000 0.500000000000 1920.000000000000 1080.000000000000 -0.227400857498 -0.025953475394 -0.973455323641 -0.664263146683 -0.072778006977 0.997302074765 -0.009588189039 -0.422201936666 0.971077860786 0.068665775927 -0.228676189199 1.404775738315
280000.000000000000 0.930555555556 1.395833333333 0.500000000000 0.500000000000 1920.000000000000 1080.000000000000 -0.228592263055 -0.025691303939 -0.973183196615 -0.668333277230 -0.072871066396 0.997298832962 -0.009211159305 -0.421951758436 0.970791112935 0.068811297585 -0.229846949884 1.397775240727
320000.000000000000 0.930555555556 1.395833333333 0.500000000000 0.500000000000 1920.000000000000 1080.000000000000 -0.229661649161 -0.025171827039 -0.972944965570 -0.672261362648 -0.072858496050 0.997305174570 -0.008603971753 -0.421457082217 0.970539626423 0.068911304589 -0.230876732570 1.390772407821
360000.000000000000 0.930555555556 1.395833333333 0.500000000000 0.500000000000 1920.000000000000 1080.000000000000 -0.230364057482 -0.024379662686 -0.972799071272 -0.675670637064 -0.072637318467 0.997327970932 -0.007793482062 -0.420588558497 0.970389726340 0.068866177794 -0.231519391347 1.384090976543
400000.000000000000 0.930555555556 1.395833333333 0.500000000000 0.500000000000 1920.000000000000 1080.000000000000 -0.230902539793 -0.023635915032 -0.972689755594 -0.678751273644 -0.072240298493 0.997362080130 -0.007086634711 -0.419511952518 0.970291377057 0.068631076331 -0.232000902952 1.377616040360
440000.000000000000 0.930555555556 1.395833333333 0.500000000000 0.500000000000 1920.000000000000 1080.000000000000 -0.231522383650 -0.023177388489 -0.972553440450 -0.681766738523 -0.072248555238 0.997365022624 -0.006569468170 -0.419124958403 0.970143047254 0.068744602034 -0.232586860239 1.370956219457
480000.000000000000 0.930555555556 1.395833333333 0.500000000000 0.500000000000 1920.000000000000 1080.000000000000 -0.232116585844 -0.022739411840 -0.972422135559 -0.684644061373 -0.072464181971 0.997352815607 -0.006025241194 -0.419037716793 0.969984965300 0.069067216168 -0.233149923318 1.364255091505
520000.000000000000 0.930555555556 1.395833333333 0.500000000000 0.500000000000 1920.000000000000 1080.000000000000 -0.232591016980 -0.022289242134 -0.972319190650 -0.687237076602 -0.072766266849 0.997334097338 -0.005456069598 -0.419046893712 0.969848693987 0.069483004913 -0.233592856910 1.357708682829
560000.000000000000 0.930555555556 1.395833333333 0.500000000000 0.500000000000 1920.000000000000 1080.000000000000 -0.233053929736 -0.021458538271 -0.972227029541 -0.689802776875 -0.072820728470 0.997334636729 -0.004556740762 -0.418546433741 0.969733472321 0.069736314188 -0.233995382741 1.351449574867
600000.000000000000 0.930555555556 1.395833333333 0.500000000000 0.500000000000 1920.000000000000 1080.000000000000 -0.233309056804 -0.020396442239 -0.972188700385 -0.691987829726 -0.072896272613 0.997333629186 -0.003430092483 -0.417968821444 0.969666446492 0.070068660892 -0.234173792958 1.345584223777
640000.000000000000 0.930555555556 1.395833333333 0.500000000000 0.500000000000 1920.000000000000 1080.000000000000 -0.233367652076 -0.020034548239 -0.972182161861 -0.693507697273 -0.072739137941 0.997346205990 -0.003092443944 -0.417322876855 0.969664146381 0.069994015993 -0.234205638167 1.340255760550
680000.000000000000 0.930555555556 1.395833333333 0.500000000000 0.500000000000 1920.000000000000 1080.000000000000 -0.233434911486 -0.019821261099 -0.972170386150 -0.694821367914 -0.072539942863 0.997361243037 -0.002916775195 -0.416659915084 0.969662878937 0.069840307105 -0.234256766636 1.334969977161
720000.000000000000 0.930555555556 1.395833333333 0.500000000000 0.500000000000 1920.000000000000 1080.000000000000 -0.233536663428 -0.019577402853 -0.972150889591 -0.696027583023 -0.072574559514 0.997359467324 -0.002650707447 -0.416298760886 0.969635787369 0.069934385220 -0.234340823625 1.329569508937
760000.000000000000 0.930555555556 1.395833333333 0.500000000000 0.500000000000 1920.000000000000 1080.000000000000 -0.233662504098 -0.019039977875 -0.972131325193 -0.697190321322 -0.072686059448 0.997352736266 -0.002063062178 -0.415914864677 0.969597117849 0.070178335020 -0.234427878789 1.324045969738
800000.000000000000 0.930555555556 1.395833333333 0.500000000000 0.500000000000 1920.000000000000 1080.000000000000 -0.233867506605 -0.017975114969 -0.972102301508 -0.698463961937 -0.072607367477 0.997360125957 -0.000974340802 -0.415055688674 0.969553587762 0.070353922377 -0.234555251622 1.318558124887
840000.000000000000 0.930555555556 1.395833333333 0.500000000000 0.500000000000 1920.000000000000 1080.000000000000 -0.234023273242 -0.016884959348 -0.972084361426 -0.699498040690 -0.072252596042 0.997386363190 0.000069912481 -0.413791107635 0.969542505487 0.070251979833 -0.234631603548 1.313332336013
880000.000000000000 0.930555555556 1.395833333333 0.500000000000 0.500000000000 1920.000000000000 1080.000000000000 -0.234162095813 -0.015623530032 -0.972072023151 -0.700391190096 -0.071805692084 0.997417835684 0.001266350445 -0.412321397456 0.969542188597 0.070096835652 -0.234679309192 1.308231616479
920000.000000000000 0.930555555556 1.395833333333 0.500000000000 0.500000000000 1920.000000000000 1080.000000000000 -0.234181316364 -0.013926006024 -0.972093193795 -0.701079464026 -0.071329577300 0.997448602252 0.002894351161 -0.410626358711 0.969572690657 0.070016799574 -0.234577162804 1.303295870562
960000.000000000000 0.930555555556 1.395833333333 0.500000000000 0.500000000000 1920.000000000000 1080.000000000000 -0.234252439030 -0.012112724043 -0.972100342930 -0.701714801197 -0.071184548812 0.997451970384 0.004725123029 -0.409317327470 0.969566168355 0.070305395906 -0.234517795674 1.298246640633
1000000.000000000000 0.930555555556 1.395833333333 0.500000000000 0.500000000000 1920.000000000000 1080.000000000000 -0.234302310812 -0.010825817310 -0.972103507260 -0.701998524170 -0.071219092945 0.997442301884 0.006057657306 -0.408430909147 0.969551580860 0.070651653141 -0.234474041122 1.293195283389
1040000.000000000000 0.930555555556 1.395833333333 0.500000000000 0.500000000000 1920.000000000000 1080.000000000000 -0.234367792766 -0.009724613574 -0.972099362002 -0.702110856708 -0.071138985181 0.997440620527 0.007173096302 -0.407442194283 0.969541635259 0.070835304856 -0.234459755789 1.288096759281
1080000.000000000000 0.930555555556 1.395833333333 0.500000000000 0.500000000000 1920.000000000000 1080.000000000000 -0.234435584423 -0.008531708814 -0.972094216988 -0.702124555256 -0.071071623567 0.997435963365 0.008385899498 -0.406405038233 0.969530185750 0.071054267511 -0.234440845393 1.282909205345
1120000.000000000000 0.930555555556 1.395833333333 0.500000000000 0.500000000000 1920.000000000000 1080.000000000000 -0.234541851729 -0.007436906273 -0.972077575203 -0.702041295896 -0.071067376527 0.997426122299 0.009516225595 -0.405458549379 0.969504795131 0.071314956223 -0.234466691105 1.277565181520
1160000.000000000000 0.930555555556 1.395833333333 0.500000000000 0.500000000000 1920.000000000000 1080.000000000000 -0.234646600008 -0.006234470125 -0.972060751438 -0.701870430006 -0.071189510536 0.997404473528 0.010787482362 -0.404614802214 0.969470487789 0.071731775165 -0.234481397422 1.272075741150
1200000.000000000000 0.930555555556 1.395833333333 0.500000000000 0.500000000000 1920.000000000000 1080.000000000000 -0.234753317908 -0.005253636421 -0.972040780541 -0.701510154013 -0.071232388994 0.997389800634 0.011812381235 -0.403751716321 0.969441502356 0.072013782685 -0.234514794019 1.266581625092
1240000.000000000000 0.930555555556 1.395833333333 0.500000000000 0.500000000000 1920.000000000000 1080.000000000000 -0.234743428546 -0.004317633382 -0.972047777013 -0.700872846704 -0.070789749537 0.997410852869 0.012664988707 -0.402281316869 0.969476319523 0.071784041545 -0.234441287457 1.261265564101
1280000.000000000000 0.930555555556 1.395833333333 0.500000000000 0.500000000000 1920.000000000000 1080.000000000000 -0.234455789782 -0.002920434102 -0.972122396462 -0.699889551488 -0.070129206833 0.997440828029 0.013917217024 -0.400373324668 0.969593923757 0.071437144718 -0.234060584824 1.256283878904
1320000.000000000000 0.930555555556 1.395833333333 0.500000000000 0.500000000000 1920.000000000000 1080.000000000000 -0.233971662045 -0.001420098499 -0.972242379595 -0.698634350680 -0.069704945310 0.997450043391 0.015317687143 -0.398729680319 0.969741451089 0.071354006617 -0.233474032347 1.251327934150
1360000.000000000000 0.930555555556 1.395833333333 0.500000000000 0.500000000000 1920.000000000000 1080.000000000000 -0.233063240727 -0.000008009909 -0.972461580608 -0.696735888705 -0.069724488487 0.997426454919 0.016702177519 -0.397702184770 0.969958773107 0.071697049901 -0.232464000457 1.246561498713
1400000.000000000000 0.930555555556 1.395833333333 0.500000000000 0.500000000000 1920.000000000000 1080.000000000000 -0.232324540908 0.001190435971 -0.972637594664 -0.695097681551 -0.069822380134 0.997398855792 0.017898538964 -0.396815394346 0.970128931083 0.072070141715 -0.231637112202 1.241592895282
1440000.000000000000 0.930555555556 1.395833333333 0.500000000000 0.500000000000 1920.000000000000 1080.000000000000 -0.230631411946 0.002556683935 -0.973037828243 -0.692316256902 -0.069796878103 0.997377128063 0.019164034620 -0.395733624651 0.970534671009 0.072334831050 -0.229848046731 1.237276213067
1480000.000000000000 0.930555555556 1.395833333333 0.500000000000 0.500000000000 1920.000000000000 1080.000000000000 -0.228104778540 0.004639309279 -0.973625537266 -0.688760224253 -0.069708654555 0.997344559694 0.021083944796 -0.394312401936 0.971137947713 0.072679474802 -0.227175659909 1.233728647396
1520000.000000000000 0.930555555556 1.395833333333 0.500000000000 0.500000000000 1920.000000000000 1080.000000000000 -0.225057996032 0.006292955122 -0.974325046962 -0.684439396510 -0.069645402249 0.997317388417 0.022528752903 -0.393137481525 0.971853083736 0.072927535798 -0.224015977454 1.230551726274
1560000.000000000000 0.930555555556 1.395833333333 0.500000000000 0.500000000000 1920.000000000000 1080.000000000000 -0.220739976926 0.007362918426 -0.975304901053 -0.678332046683 -0.069472753503 0.997312811963 0.023252776501 -0.392107949588 0.972855281688 0.072889934330 -0.219635284884 1.228571605188
1600000.000000000000 0.930555555556 1.395833333333 0.500000000000 0.500000000000 1920.000000000000 1080.000000000000 -0.215238403712 0.008059355507 -0.976528277295 -0.670600209856 -0.069427178491 0.997309402472 0.023533436391 -0.391475566515 0.974090497056 0.072862902292 -0.214099745481 1.227213697992
1640000.000000000000 0.930555555556 1.395833333333 0.500000000000 0.500000000000 1920.000000000000 1080.000000000000 -0.209417531008 0.008849522613 -0.977786266858 -0.662493597076 -0.069294207079 0.997310715636 0.023867327943 -0.390730494121 0.975367935998 0.072753160944 -0.208241127063 1.226163320919
1680000.000000000000 0.930555555556 1.395833333333 0.500000000000 0.500000000000 1920.000000000000 1080.000000000000 -0.203213204988 0.009582714206 -0.979087618606 -0.653897551073 -0.069067434984 0.997320938532 0.024096368803 -0.389930112949 0.976695491309 0.072519770775 -0.202006930830 1.225216328054
1720000.000000000000 0.930555555556 1.395833333333 0.500000000000 0.500000000000 1920.000000000000 1080.000000000000 -0.196861869278 0.010110988459 -0.980379096236 -0.645056008077 -0.069070490960 0.997319304303 0.024155176328 -0.389520960138 0.977995230920 0.072470498669 -0.195635771575 1.224398783088
1760000.000000000000 0.930555555556 1.395833333333 0.500000000000 0.500000000000 1920.000000000000 1080.000000000000 -0.190210926574 0.010064365419 -0.981691658292 -0.635691655949 -0.069142856830 0.997327068879 0.023621664431 -0.389443818489 0.979305401170 0.072370064459 -0.189006626892 1.223528716159
1800000.000000000000 0.930555555556 1.395833333333 0.500000000000 0.500000000000 1920.000000000000 1080.000000000000 -0.183294023552 0.010279764166 -0.983004388281 -0.626088161956 -0.069109413586 0.997336579716 0.023315996946 -0.389163848340 0.980625917404 0.072208539720 -0.182095406058 1.222799595409
1840000.000000000000 0.930555555556 1.395833333333 0.500000000000 0.500000000000 1920.000000000000 1080.000000000000 -0.177140509916 0.010859391283 -0.984125659338 -0.617579999341 -0.068934810000 0.997346381626 0.023413394193 -0.388563094442 0.981768420615 0.071987975928 -0.175921856529 1.221538457678
1880000.000000000000 0.930555555556 1.395833333333 0.500000000000 0.500000000000 1920.000000000000 1080.000000000000 -0.170966757116 0.011396355743 -0.985210886581 -0.609031261365 -0.068701911467 0.997361380996 0.023458965414 -0.387926672345 0.982878637128 0.071696574348 -0.169732689558 1.220299171389
1920000.000000000000 0.930555555556 1.395833333333 0.500000000000 0.500000000000 1920.000000000000 1080.000000000000 -0.164400600664 0.011617840126 -0.986325234541 -0.599873556072 -0.068451319346 0.997385654293 0.023157579561 -0.387423136600 0.984015680455 0.071322383598 -0.163175544175 1.219301772721
1960000.000000000000 0.930555555556 1.395833333333 0.500000000000 0.500000000000 1920.000000000000 1080.000000000000 -0.158187385248 0.011856792632 -0.987337919669 -0.591132321853 -0.068671852500 0.997374609729 0.022979654948 -0.387508676354 0.985018237305 0.071437415517 -0.156957853711 1.217851080187
2000000.000000000000 0.930555555556 1.395833333333 0.500000000000 0.500000000000 1920.000000000000 1080.000000000000 -0.152133943210 0.011911987907 -0.988288099629 -0.582490448930 -0.068933795920 0.997364470221 0.022632837237 -0.387724957356 0.985953038995 0.071569672945 -0.150911851129 1.216243951346
2040000.000000000000 0.930555555556 1.395833333333 0.500000000000 0.500000000000 1920.000000000000 1080.000000000000 -0.145957348152 0.011364050934 -0.989225611712 -0.573457781137 -0.069102622777 0.997374529006 0.021653554321 -0.388090071149 0.986874500656 0.071518579655 -0.144788855643 1.214715982580
2080000.000000000000 0.930555555556 1.395833333333 0.500000000000 0.500000000000 1920.000000000000 1080.000000000000 -0.140091941886 0.010965143496 -0.990077781514 -0.564816309556 -0.069146738191 0.997389009230 0.020830095191 -0.388270878010 0.987721102547 0.071378777632 -0.138967959212 1.213016370357
2120000.000000000000 0.930555555556 1.395833333333 0.500000000000 0.500000000000 1920.000000000000 1080.000000000000 -0.135028851087 0.011199382759 -0.990778372392 -0.557325090956 -0.069171422760 0.997389981434 0.020701188558 -0.388193789261 0.988424262980 0.071328807365 -0.133901746039 1.210961487649
2160000.000000000000 0.930555555556 1.395833333333 0.500000000000 0.500000000000 1920.000000000000 1080.000000000000 -0.130916649400 0.011767643141 -0.991323536231 -0.551083272559 -0.069352207674 0.997371216979 0.020998257841 -0.388197380082 0.988964661755 0.071499497317 -0.129756385904 1.208485520679
2200000.000000000000 0.930555555556 1.395833333333 0.500000000000 0.500000000000 1920.000000000000 1080.000000000000 -0.127344422244 0.012244713978 -0.991782972783 -0.545460789509 -0.069427757786 0.997361095824 0.021228070688 -0.388116168730 0.989425684209 0.071560544408 -0.126158249481 1.205921135302
2240000.000000000000 0.930555555556 1.395833333333 0.500000000000 0.500000000000 1920.000000000000 1080.000000000000 -0.124406755885 0.012485668375 -0.992152743873 -0.540519630654 -0.069882652439 0.997327505256 0.021313426491 -0.388611819161 0.989767333255 0.071985799613 -0.123201747860 1.203040336309
2280000.000000000000 0.930555555556 1.395833333333 0.500000000000 0.500000000000 1920.000000000000 1080.000000000000 -0.122473860270 0.012572879087 -0.992392098045 -0.536727906773 -0.070369944261 0.997293110855 0.021319521245 -0.389197099052 0.989973850410 0.072445660691 -0.121257584306 1.199690021392
2320000.000000000000 0.930555555556 1.395833333333 0.500000000000 0.500000000000 1920.000000000000 1080.000000000000 -0.120689062540 0.012626983585 -0.992610049047 -0.533034085861 -0.070237907185 0.997304397430 0.021226758130 -0.389085533307 0.990202396774 0.072280690035 -0.119476839892 1.196594142278
2360000.000000000000 0.930555555556 1.395833333333 0.500000000000 0.500000000000 1920.000000000000 1080.000000000000 -0.118712375660 0.012682457062 -0.992847685775 -0.529013512007 -0.069781597948 0.997339469156 0.021083449721 -0.388650546195 0.990473573829 0.071785364436 -0.117511535603 1.193841647290
2400000.000000000000 0.930555555556 1.395833333333 0.500000000000 0.500000000000 1920.000000000000 1080.000000000000 -0.116578692950 0.012746863828 -0.993099655529 -0.524707199823 -0.069172615537 0.997385292153 0.020921956316 -0.388098782322 0.990769679396 0.071134354983 -0.115392139816 1.191377477683
2440000.000000000000 0.930555555556 1.395833333333 0.500000000000 0.500000000000 1920.000000000000 1080.000000000000 -0.114968025666 0.012931122982 -0.993285024116 -0.520985452263 -0.068860162420 0.997406218906 0.020955011799 -0.387903899806 0.990979632034 0.070806924424 -0.113779384545 1.188720754271
2480000.000000000000 0.930555555556 1.395833333333 0.500000000000 0.500000000000 1920.000000000000 1080.000000000000 -0.113665951537 0.013244992270 -0.993430733187 -0.517600592390 -0.068617426046 0.997418848820 0.021149204734 -0.387754175473 0.991146659332 0.070570604346 -0.112463725255 1.186080522416
2520000.000000000000 0.930555555556 1.395833333333 0.500000000000 0.500000000000 1920.000000000000 1080.000000000000 -0.112217401111 0.013584098125 -0.993590824820 -0.513981605487 -0.068535873621 0.997419600314 0.021376972102 -0.387794432061 0.991317350254 0.070495483454 -0.110996837332 1.183619125022
2560000.000000000000 0.930555555556 1.395833333333 0.500000000000 0.500000000000 1920.000000000000 1080.000000000000 -0.111248297694 0.013780260037 -0.993697097054 -0.510844103413 -0.068923728580 0.997389199057 0.021547743331 -0.388419412387 0.991399685242 0.070886458773 -0.110008063631 1.180844753715
2600000.000000000000 0.930555555556 1.395833333333 0.500000000000 0.500000000000 1920.000000000000 1080.000000000000 -0.110099752346 0.013924560045 -0.993822997903 -0.507433443284 -0.069236261836 0.997365458111 0.021644468417 -0.388948034866 0.991506119285 0.071191639914 -0.108845605451 1.178228082366
2640000.000000000000 0.930555555556 1.395833333333 0.500000000000 0.500000000000 1920.000000000000 1080.000000000000 -0.108460223714 0.014080022612 -0.994001072854 -0.503397699765 -0.069268339053 0.997362332226 0.021685835487 -0.389142616034 0.991684565311 0.071204853902 -0.107198841897 1.175977871636
2680000.000000000000 0.930555555556 1.395833333333 0.500000000000 0.500000000000 1920.000000000000 1080.000000000000 -0.106512244624 0.014253140510 -0.994209228347 -0.498982557903 -0.069331946883 0.997357038813 0.021725981497 -0.389377179313 0.991891235412 0.071244544466 -0.105242538915 1.173849055066
2720000.000000000000 0.930555555556 1.395833333333 0.500000000000 0.500000000000 1920.000000000000 1080.000000000000 -0.104473183094 0.014509817841 -0.994421851731 -0.494479173537 -0.069542570021 0.997339479771 0.021858477657 -0.389780314778 0.992093334807 0.071438275993 -0.103186180054 1.171691597907
2760000.000000000000 0.930555555556 1.395833333333 0.500000000000 0.500000000000 1920.000000000000 1080.000000000000 -0.102037704439 0.014807357100 -0.994670321789 -0.489521694399 -0.069253950838 0.997357514365 0.021951738742 -0.389626109090 0.992366966987 0.071124754595 -0.100742603291 1.169906854570
2800000.000000000000 0.930555555556 1.395833333333 0.500000000000 0.500000000000 1920.000000000000 1080.000000000000 -0.099090713984 0.015251561592 -0.994961516980 -0.483990909025 -0.068688940911 0.997392653051 0.022129731956 -0.389158933603 0.992704820074 0.070535703789 -0.097784736500 1.168559093156
2840000.000000000000 0.930555555556 1.395833333333 0.500000000000 0.500000000000 1920.000000000000 1080.000000000000 -0.096068948633 0.015777927130 -0.995249624026 -0.478407735354 -0.068451728322 0.997402489238 0.022419530566 -0.389093426780 0.993018186137 0.070280377607 -0.094739382123 1.167190641205
2880000.000000000000 0.930555555556 1.395833333333 0.500000000000 0.500000000000 1920.000000000000 1080.000000000000 -0.092729900776 0.016223902215 -0.995559114518 -0.472434426249 -0.068636797969 0.997384637828 0.022646725816 -0.389580299767 0.993322785134 0.070432018447 -0.091373821803 1.165927520375
2920000.000000000000 0.930555555556 1.395833333333 0.500000000000 0.500000000000 1920.000000000000 1080.000000000000 -0.088943098396 0.016724573440 -0.995896286714 -0.465965345249 -0.068620217221 0.997380501878 0.022877942701 -0.389817382642 0.993670162094 0.070373454632 -0.087562468255 1.165062268233
2960000.000000000000 0.930555555556 1.395833333333 0.500000000000 0.500000000000 1920.000000000000 1080.000000000000 -0.084718829015 0.017311351157 -0.996254504196 -0.459002515467 -0.068363357266 0.997391989634 0.023144554380 -0.389740878185 0.994056925630 0.070068082143 -0.083314419347 1.164635315622
3000000.000000000000 0.930555555556 1.395833333333 0.500000000000 0.500000000000 1920.000000000000 1080.000000000000 -0.080210481446 0.017914646653 -0.996616949536 -0.451695827660 -0.067981377974 0.997412131292 0.023400269248 -0.389508662809 0.994457043273 0.069628340404 -0.078785044885 1.164527247909
3040000.000000000000 0.930555555556 1.395833333333 0.500000000000 0.500000000000 1920.000000000000 1080.000000000000 -0.075547554441 0.018293433166 -0.996974381477 -0.444110157264 -0.067700528353 0.997430490288 0.023431933455 -0.389477068664 0.994841296629 0.069265917649 -0.074114959176 1.164565538455
3080000.000000000000 0.930555555556 1.395833333333 0.500000000000 0.500000000000 1920.000000000000 1080.000000000000 -0.070943289636 0.018610286844 -0.997306726579 -0.436551649190 -0.067507796502 0.997443950754 0.023415006208 -0.389571478902 0.995193321454 0.068987117115 -0.069505615637 1.164625129162
3120000.000000000000 0.930555555556 1.395833333333 0.500000000000 0.500000000000 1920.000000000000 1080.000000000000 -0.066344947441 0.018946067591 -0.997616857552 -0.428981511329 -0.067383393580 0.997452147567 0.023424166638 -0.389741554288 0.995518872859 0.068776884459 -0.064899259976 1.164718730144
3160000.000000000000 0.930555555556 1.395833333333 0.500000000000 0.500000000000 1920.000000000000 1080.000000000000 -0.061542697747 0.019367955298 -0.997916518884 -0.421170215447 -0.067169842562 0.997464729000 0.023501630805 -0.389786441394 0.995841708608 0.068476249224 -0.060085727822 1.164993455286
