source:translation:configs/../inputs/sh0032_unit-1-split_tr.asci rotation:configs/../inputs/sh0032_unit-1-split_rot.asci fps:25.0 fx:0.9305555555555556 fy:1.3958333333333333 cx:0.5 cy:0.5 width:1920 height:1080 unit_scale:1
0.000000000000 0.930555555556 1.395833333333 0.500000000000 0.500000000000 1920.000000000000 1080.000000000000 -0.213627520948 -0.028567577033 -0.976497401858 -0.419053576112 -0.073574713352 0.997203961726 -0.013077471945 -0.284098396811 0.974140669436 0.069051808519 -0.215132061514 0.966712679009
40000.000000000000 0.930555555556 1.395833333333 0.500000000000 0.500000000000 1920.000000000000 1080.000000000000 -0.216753313308 -0.028403430091 -0.975813120597 -0.423876074008 -0.073047538975 0.997246297258 -0.012801548906 -0.283308804543 0.973489629231 0.068505968819 -0.218231239781 0.961437185853
80000.000000000000 0.930555555556 1.395833333333 0.500000000000 0.500000000000 1920.000000000000 1080.000000000000 -0.219722829700 -0.028053708359 -0.975158893492 -0.428543754002 -0.072944511846 0.997260720911 -0.012253681886 -0.282907147369 0.972831422344 0.068440075800 -0.221167311609 0.956114729227
120000.000000000000 0.930555555556 1.395833333333 0.500000000000 0.500000000000 1920.000000000000 1080.000000000000 -0.222407349000 -0.027650875951 -0.974561645136 -0.432907155225 -0.073135394810 0.997254508193 -0.011604305870 -0.282784636249 0.972206863346 0.068694067778 -0.223818989175 0.950818663266
160000.000000000000 0.930555555556 1.395833333333 0.500000000000 0.500000000000 1920.000000000000 1080.000000000000 -0.224447243583 -0.027086305212 -0.974109730430 -0.436624164435 -0.072983457365 0.997273431759 -0.010914085331 -0.282308521727 0.971749376022 0.068644259611 -0.225812125058 0.945901681578
200000.000000000000 0.930555555556 1.395833333333 0.500000000000 0.500000000000 1920.000000000000 1080.000000000000 -0.226123337906 -0.026494457653 -0.973738301479 -0.439951090938 -0.072866986864 0.997289364952 -0.010213950236 -0.281867390275 0.971369465384 0.068643763503 -0.227440971359 0.941132091296
240000.000000000000 0.930555555556 1.395833333333 0.500000000000 0.500000000000 1920.000000000000 1080.000000000000 -0.227400857498 -0.025953475394 -0.973455323641 -0.442842097788 -0.072778006977 0.997302074765 -0.009588189039 -0.281467957777 0.971077860786 0.068665775927 -0.228676189199 0.936517158877
280000.000000000000 0.930555555556 1.395833333333 0.500000000000 0.500000000000 1920.000000000000 1080.000000000000 -0.228592263055 -0.025691303939 -0.973183196615 -0.445555518153 -0.072871066396 0.997298832962 -0.009211159305 -0.281301172291 0.970791112935 0.068811297585 -0.229846949884 0.931850160484
320000.000000000000 0.930555555556 1.395833333333 0.500000000000 0.500000000000 1920.000000000000 1080.000000000000 -0.229661649161 -0.025171827039 -0.972944965570 -0.448174241765 -0.072858496050 0.997305174570 -0.008603971753 -0.280971388145 0.970539626423 0.068911304589 -0.230876732570 0.927181605214
360000.000000000000 0.930555555556 1.395833333333 0.500000000000 0.500000000000 1920.000000000000 1080.000000000000 -0.230364057482 -0.024379662686 -0.972799071272 -0.450447091376 -0.072637318467 0.997327970932 -0.007793482062 -0.280392372331 0.970389726340 0.068866177794 -0.231519391347 0.922727317696
400000.000000000000 0.930555555556 1.395833333333 0.500000000000 0.500000000000 1920.000000000000 1080.000000000000 -0.230902539793 -0.023635915032 -0.972689755594 -0.452500849096 -0.072240298493 0.997362080130 -0.007086634711 -0.279674635012 0.970291377057 0.068631076331 -0.232000902952 0.918410693574
440000.000000000000 0.930555555556 1.395833333333 0.500000000000 0.500000000000 1920.000000000000 1080.000000000000 -0.231522383650 -0.023177388489 -0.972553440450 -0.454511159015 -0.072248555238 0.997365022624 -0.006569468170 -0.279416638935 0.970143047254 0.068744602034 -0.232586860239 0.913970812971
480000.000000000000 0.930555555556 1.395833333333 0.500000000000 0.500000000000 1920.000000000000 1080.000000000000 -0.232116585844 -0.022739411840 -0.972422135559 -0.456429374249 -0.072464181971 0.997352815607 -0.006025241194 -0.279358477862 0.969984965300 0.069067216168 -0.233149923318 0.909503394337
520000.000000000000 0.930555555556 1.395833333333 0.500000000000 0.500000000000 1920.000000000000 1080.000000000000 -0.232591016980 -0.022289242134 -0.972319190650 -0.458158051068 -0.072766266849 0.997334097338 -0.005456069598 -0.279364595808 0.969848693987 0.069483004913 -0.233592856910 0.905139121886
560000.000000000000 0.930555555556 1.395833333333 0.500000000000 0.500000000000 1920.000000000000 1080.000000000000 -0.233053929736 -0.021458538271 -0.972227029541 -0.459868517917 -0.072820728470 0.997334636729 -0.004556740762 -0.279030955827 0.969733472321 0.069736314188 -0.233995382741 0.900966383245
600000.000000000000 0.930555555556 1.395833333333 0.500000000000 0.500000000000 1920.000000000000 1080.000000000000 -0.233309056804 -0.020396442239 -0.972188700385 -0.461325219817 -0.072896272613 0.997333629186 -0.003430092483 -0.278645880963 0.969666446492 0.070068660892 -0.234173792958 0.897056149184
640000.000000000000 0.930555555556 1.395833333333 0.500000000000 0.500000000000 1920.000000000000 1080.000000000000 -0.233367652076 -0.020034548239 -0.972182161861 -0.462338464849 -0.072739137941 0.997346205990 -0.003092443944 -0.278215251237 0.969664146381 0.069994015993 -0.234205638167 0.893503840366
680000.000000000000 0.930555555556 1.395833333333 0.500000000000 0.500000000000 1920.000000000000 1080.000000000000 -0.233434911486 -0.019821261099 -0.972170386150 -0.463214245276 -0.072539942863 0.997361243037 -0.002916775195 -0.277773276723 0.969662878937 0.069840307105 -0.234256766636 0.889979984774
720000.000000000000 0.930555555556 1.395833333333 0.500000000000 0.500000000000 1920.000000000000 1080.000000000000 -0.233536663428 -0.019577402853 -0.972150889591 -0.464018388682 -0.072574559514 0.997359467324 -0.002650707447 -0.277532507257 0.969635787369 0.069934385220 -0.234340823625 0.886379672625
760000.000000000000 0.930555555556 1.395833333333 0.500000000000 0.500000000000 1920.000000000000 1080.000000000000 -0.233662504098 -0.019039977875 -0.972131325193 -0.464793547548 -0.072686059448 0.997352736266 -0.002063062178 -0.277276576451 0.969597117849 0.070178335020 -0.234427878789 0.882697313159
800000.000000000000 0.930555555556 1.395833333333 0.500000000000 0.500000000000 1920.000000000000 1080.000000000000 -0.233867506605 -0.017975114969 -0.972102301508 -0.465642641291 -0.072607367477 0.997360125957 -0.000974340802 -0.276703792449 0.969553587762 0.070353922377 -0.234555251622 0.879038749925
840000.000000000000 0.930555555556 1.395833333333 0.500000000000 0.500000000000 1920.000000000000 1080.000000000000 -0.234023273242 -0.016884959348 -0.972084361426 -0.466332027127 -0.072252596042 0.997386363190 0.000069912481 -0.275860738423 0.969542505487 0.070251979833 -0.234631603548 0.875554890675
880000.000000000000 0.930555555556 1.395833333333 0.500000000000 0.500000000000 1920.000000000000 1080.000000000000 -0.234162095813 -0.015623530032 -0.972072023151 -0.466927460064 -0.071805692084 0.997417835684 0.001266350445 -0.274880931638 0.969542188597 0.070096835652 -0.234679309192 0.872154410986
920000.000000000000 0.930555555556 1.395833333333 0.500000000000 0.500000000000 1920.000000000000 1080.000000000000 -0.234181316364 -0.013926006024 -0.972093193795 -0.467386309350 -0.071329577300 0.997448602252 0.002894351161 -0.273750905808 0.969572690657 0.070016799574 -0.234577162804 0.868863913708
960000.000000000000 0.930555555556 1.395833333333 0.500000000000 0.500000000000 1920.000000000000 1080.000000000000 -0.234252439030 -0.012112724043 -0.972100342930 -0.467809867465 -0.071184548812 0.997451970384 0.004725123029 -0.272878218313 0.969566168355 0.070305395906 -0.234517795674 0.865497760422
1000000.000000000000 0.930555555556 1.395833333333 0.500000000000 0.500000000000 1920.000000000000 1080.000000000000 -0.234302310812 -0.010825817310 -0.972103507260 -0.467999016113 -0.071219092945 0.997442301884 0.006057657306 -0.272287272765 0.969551580860 0.070651653141 -0.234474041122 0.862130188926
1040000.000000000000 0.930555555556 1.395833333333 0.500000000000 0.500000000000 1920.000000000000 1080.000000000000 -0.234367792766 -0.009724613574 -0.972099362002 -0.468073904472 -0.071138985181 0.997440620527 0.007173096302 -0.271628129522 0.969541635259 0.070835304856 -0.234459755789 0.858731172854
1080000.000000000000 0.930555555556 1.395833333333 0.500000000000 0.500000000000 1920.000000000000 1080.000000000000 -0.234435584423 -0.008531708814 -0.972094216988 -0.468083036838 -0.071071623567 0.997435963365 0.008385899498 -0.270936692155 0.969530185750 0.071054267511 -0.234440845393 0.855272803563
1120000.000000000000 0.930555555556 1.395833333333 0.500000000000 0.500000000000 1920.000000000000 1080.000000000000 -0.234541851729 -0.007436906273 -0.972077575203 -0.468027530598 -0.071067376527 0.997426122299 0.009516225595 -0.270305699586 0.969504795131 0.071314956223 -0.234466691105 0.851710121013
1160000.000000000000 0.930555555556 1.395833333333 0.500000000000 0.500000000000 1920.000000000000 1080.000000000000 -0.234646600008 -0.006234470125 -0.972060751438 -0.467913620004 -0.071189510536 0.997404473528 0.010787482362 -0.269743201476 0.969470487789 0.071731775165 -0.234481397422 0.848050494100
1200000.000000000000 0.930555555556 1.395833333333 0.500000000000 0.500000000000 1920.000000000000 1080.000000000000 -0.234753317908 -0.005253636421 -0.972040780541 -0.467673436009 -0.071232388994 0.997389800634 0.011812381235 -0.269167810881 0.969441502356 0.072013782685 -0.234514794019 0.844387750062
1240000.000000000000 0.930555555556 1.395833333333 0.500000000000 0.500000000000 1920.000000000000 1080.000000000000 -0.234743428546 -0.004317633382 -0.972047777013 -0.467248564470 -0.070789749537 0.997410852869 0.012664988707 -0.268187544579 0.969476319523 0.071784041545 -0.234441287457 0.840843709401
1280000.000000000000 0.930555555556 1.395833333333 0.500000000000 0.500000000000 1920.000000000000 1080.000000000000 -0.234455789782 -0.002920434102 -0.972122396462 -0.466593034326 -0.070129206833 0.997440828029 0.013917217024 -0.266915549779 0.969593923757 0.071437144718 -0.234060584824 0.837522585936
1320000.000000000000 0.930555555556 1.395833333333 0.500000000000 0.500000000000 1920.000000000000 1080.000000000000 -0.233971662045 -0.001420098499 -0.972242379595 -0.465756233787 -0.069704945310 0.997450043391 0.015317687143 -0.265819786880 0.969741451089 0.071354006617 -0.233474032347 0.834218622766
1360000.000000000000 0.930555555556 1.395833333333 0.500000000000 0.500000000000 1920.000000000000 1080.000000000000 -0.233063240727 -0.000008009909 -0.972461580608 -0.464490592470 -0.069724488487 0.997426454919 0.016702177519 -0.265134789847 0.969958773107 0.071697049901 -0.232464000457 0.831040999142
1400000.000000000000 0.930555555556 1.395833333333 0.500000000000 0.500000000000 1920.000000000000 1080.000000000000 -0.232324540908 0.001190435971 -0.972637594664 -0.463398454367 -0.069822380134 0.997398855792 0.017898538964 -0.264543596230 0.970128931083 0.072070141715 -0.231637112202 0.827728596855
1440000.000000000000 0.930555555556 1.395833333333 0.500000000000 0.500000000000 1920.000000000000 1080.000000000000 -0.230631411946 0.002556683935 -0.973037828243 -0.461544171268 -0.069796878103 0.997377128063 0.019164034620 -0.263822416434 0.970534671009 0.072334831050 -0.229848046731 0.824850808711
1480000.000000000000 0.930555555556 1.395833333333 0.500000000000 0.500000000000 1920.000000000000 1080.000000000000 -0.228104778540 0.004639309279 -0.973625537266 -0.459173482835 -0.069708654555 0.997344559694 0.021083944796 -0.262874934624 0.971137947713 0.072679474802 -0.227175659909 0.822485764931
1520000.000000000000 0.930555555556 1.395833333333 0.500000000000 0.500000000000 1920.000000000000 1080.000000000000 -0.225057996032 0.006292955122 -0.974325046962 -0.456292931007 -0.069645402249 0.997317388417 0.022528752903 -0.262091654350 0.971853083736 0.072927535798 -0.224015977454 0.820367817516
1560000.000000000000 0.930555555556 1.395833333333 0.500000000000 0.500000000000 1920.000000000000 1080.000000000000 -0.220739976926 0.007362918426 -0.975304901053 -0.452221364455 -0.069472753503 0.997312811963 0.023252776501 -0.261405299725 0.972855281688 0.072889934330 -0.219635284884 0.819047736792
1600000.000000000000 0.930555555556 1.395833333333 0.500000000000 0.500000000000 1920.000000000000 1080.000000000000 -0.215238403712 0.008059355507 -0.976528277295 -0.447066806571 -0.069427178491 0.997309402472 0.023533436391 -0.260983711010 0.974090497056 0.072862902292 -0.214099745481 0.818142465328
1640000.000000000000 0.930555555556 1.395833333333 0.500000000000 0.500000000000 1920.000000000000 1080.000000000000 -0.209417531008 0.008849522613 -0.977786266858 -0.441662398051 -0.069294207079 0.997310715636 0.023867327943 -0.260486996081 0.975367935998 0.072753160944 -0.208241127063 0.817442213946
1680000.000000000000 0.930555555556 1.395833333333 0.500000000000 0.500000000000 1920.000000000000 1080.000000000000 -0.203213204988 0.009582714206 -0.979087618606 -0.435931700715 -0.069067434984 0.997320938532 0.024096368803 -0.259953408633 0.976695491309 0.072519770775 -0.202006930830 0.816810885369
1720000.000000000000 0.930555555556 1.395833333333 0.500000000000 0.500000000000 1920.000000000000 1080.000000000000 -0.196861869278 0.010110988459 -0.980379096236 -0.430037338718 -0.069070490960 0.997319304303 0.024155176328 -0.259680640092 0.977995230920 0.072470498669 -0.195635771575 0.816265855392
1760000.000000000000 0.930555555556 1.395833333333 0.500000000000 0.500000000000 1920.000000000000 1080.000000000000 -0.190210926574 0.010064365419 -0.981691658292 -0.423794437300 -0.069142856830 0.997327068879 0.023621664431 -0.259629212326 0.979305401170 0.072370064459 -0.189006626892 0.815685810773
1800000.000000000000 0.930555555556 1.395833333333 0.500000000000 0.500000000000 1920.000000000000 1080.000000000000 -0.183294023552 0.010279764166 -0.983004388281 -0.417392107971 -0.069109413586 0.997336579716 0.023315996946 -0.259442565560 0.980625917404 0.072208539720 -0.182095406058 0.815199730273
1840000.000000000000 0.930555555556 1.395833333333 0.500000000000 0.500000000000 1920.000000000000 1080.000000000000 -0.177140509916 0.010859391283 -0.984125659338 -0.411719999560 -0.068934810000 0.997346381626 0.023413394193 -0.259042062962 0.981768420615 0.071987975928 -0.175921856529 0.814358971785
1880000.000000000000 0.930555555556 1.395833333333 0.500000000000 0.500000000000 1920.000000000000 1080.000000000000 -0.170966757116 0.011396355743 -0.985210886581 -0.406020840910 -0.068701911467 0.997361380996 0.023458965414 -0.258617781563 0.982878637128 0.071696574348 -0.169732689558 0.813532780926
1920000.000000000000 0.930555555556 1.395833333333 0.500000000000 0.500000000000 1920.000000000000 1080.000000000000 -0.164400600664 0.011617840126 -0.986325234541 -0.399915704048 -0.068451319346 0.997385654293 0.023157579561 -0.258282091067 0.984015680455 0.071322383598 -0.163175544175 0.812867848481
1960000.000000000000 0.930555555556 1.395833333333 0.500000000000 0.500000000000 1920.000000000000 1080.000000000000 -0.158187385248 0.011856792632 -0.987337919669 -0.394088214569 -0.068671852500 0.997374609729 0.022979654948 -0.258339117569 0.985018237305 0.071437415517 -0.156957853711 0.811900720125
2000000.000000000000 0.930555555556 1.395833333333 0.500000000000 0.500000000000 1920.000000000000 1080.000000000000 -0.152133943210 0.011911987907 -0.988288099629 -0.388326965953 -0.068933795920 0.997364470221 0.022632837237 -0.258483304904 0.985953038995 0.071569672945 -0.150911851129 0.810829300897
2040000.000000000000 0.930555555556 1.395833333333 0.500000000000 0.500000000000 1920.000000000000 1080.000000000000 -0.145957348152 0.011364050934 -0.989225611712 -0.382305187425 -0.069102622777 0.997374529006 0.021653554321 -0.258726714099 0.986874500656 0.071518579655 -0.144788855643 0.809810655053
2080000.000000000000 0.930555555556 1.395833333333 0.500000000000 0.500000000000 1920.000000000000 1080.000000000000 -0.140091941886 0.010965143496 -0.990077781514 -0.376544206371 -0.069146738191 0.997389009230 0.020830095191 -0.258847252007 0.987721102547 0.071378777632 -0.138967959212 0.808677580238
2120000.000000000000 0.930555555556 1.395833333333 0.500000000000 0.500000000000 1920.000000000000 1080.000000000000 -0.135028851087 0.011199382759 -0.990778372392 -0.371550060637 -0.069171422760 0.997389981434 0.020701188558 -0.258795859507 0.988424262980 0.071328807365 -0.133901746039 0.807307658433
2160000.000000000000 0.930555555556 1.395833333333 0.500000000000 0.500000000000 1920.000000000000 1080.000000000000 -0.130916649400 0.011767643141 -0.991323536231 -0.367388848373 -0.069352207674 0.997371216979 0.020998257841 -0.258798253388 0.988964661755 0.071499497317 -0.129756385904 0.805657013786
2200000.000000000000 0.930555555556 1.395833333333 0.500000000000 0.500000000000 1920.000000000000 1080.000000000000 -0.127344422244 0.012244713978 -0.991782972783 -0.363640526340 -0.069427757786 0.997361095824 0.021228070688 -0.258744112487 0.989425684209 0.071560544408 -0.126158249481 0.803947423534
2240000.000000000000 0.930555555556 1.395833333333 0.500000000000 0.500000000000 1920.000000000000 1080.000000000000 -0.124406755885 0.012485668375 -0.992152743873 -0.360346420436 -0.069882652439 0.997327505256 0.021313426491 -0.259074546108 0.989767333255 0.071985799613 -0.123201747860 0.802026890872
2280000.000000000000 0.930555555556 1.395833333333 0.500000000000 0.500000000000 1920.000000000000 1080.000000000000 -0.122473860270 0.012572879087 -0.992392098045 -0.357818604516 -0.070369944261 0.997293110855 0.021319521245 -0.259464732701 0.989973850410 0.072445660691 -0.121257584306 0.799793347595
2320000.000000000000 0.930555555556 1.395833333333 0.500000000000 0.500000000000 1920.000000000000 1080.000000000000 -0.120689062540 0.012626983585 -0.992610049047 -0.355356057241 -0.070237907185 0.997304397430 0.021226758130 -0.259390355538 0.990202396774 0.072280690035 -0.119476839892 0.797729428185
2360000.000000000000 0.930555555556 1.395833333333 0.500000000000 0.500000000000 1920.000000000000 1080.000000000000 -0.118712375660 0.012682457062 -0.992847685775 -0.352675674672 -0.069781597948 0.997339469156 0.021083449721 -0.259100364130 0.990473573829 0.071785364436 -0.117511535603 0.795894431526
2400000.000000000000 0.930555555556 1.395833333333 0.500000000000 0.500000000000 1920.000000000000 1080.000000000000 -0.116578692950 0.012746863828 -0.993099655529 -0.349804799882 -0.069172615537 0.997385292153 0.020921956316 -0.258732521548 0.990769679396 0.071134354983 -0.115392139816 0.794251651789
2440000.000000000000 0.930555555556 1.395833333333 0.500000000000 0.500000000000 1920.000000000000 1080.000000000000 -0.114968025666 0.012931122982 -0.993285024116 -0.347323634842 -0.068860162420 0.997406218906 0.020955011799 -0.258602599871 0.990979632034 0.070806924424 -0.113779384545 0.792480502848
2480000.000000000000 0.930555555556 1.395833333333 0.500000000000 0.500000000000 1920.000000000000 1080.000000000000 -0.113665951537 0.013244992270 -0.993430733187 -0.345067061594 -0.068617426046 0.997418848820 0.021149204734 -0.258502783649 0.991146659332 0.070570604346 -0.112463725255 0.790720348277
2520000.000000000000 0.930555555556 1.395833333333 0.500000000000 0.500000000000 1920.000000000000 1080.000000000000 -0.112217401111 0.013584098125 -0.993590824820 -0.342654403658 -0.068535873621 0.997419600314 0.021376972102 -0.258529621374 0.991317350254 0.070495483454 -0.110996837332 0.789079416681
2560000.000000000000 0.930555555556 1.395833333333 0.500000000000 0.500000000000 1920.000000000000 1080.000000000000 -0.111248297694 0.013780260037 -0.993697097054 -0.340562735608 -0.068923728580 0.997389199057 0.021547743331 -0.258946274924 0.991399685242 0.070886458773 -0.110008063631 0.787229835810
2600000.000000000000 0.930555555556 1.395833333333 0.500000000000 0.500000000000 1920.000000000000 1080.000000000000 -0.110099752346 0.013924560045 -0.993822997903 -0.338288962190 -0.069236261836 0.997365458111 0.021644468417 -0.259298689911 0.991506119285 0.071191639914 -0.108845605451 0.785485388244
2640000.000000000000 0.930555555556 1.395833333333 0.500000000000 0.500000000000 1920.000000000000 1080.000000000000 -0.108460223714 0.014080022612 -0.994001072854 -0.335598466510 -0.069268339053 0.997362332226 0.021685835487 -0.259428410689 0.991684565311 0.071204853902 -0.107198841897 0.783985247757
2680000.000000000000 0.930555555556 1.395833333333 0.500000000000 0.500000000000 1920.000000000000 1080.000000000000 -0.106512244624 0.014253140510 -0.994209228347 -0.332655038602 -0.069331946883 0.997357038813 0.021725981497 -0.259584786208 0.991891235412 0.071244544466 -0.105242538915 0.782566036710
2720000.000000000000 0.930555555556 1.395833333333 0.500000000000 0.500000000000 1920.000000000000 1080.000000000000 -0.104473183094 0.014509817841 -0.994421851731 -0.329652782358 -0.069542570021 0.997339479771 0.021858477657 -0.259853543185 0.992093334807 0.071438275993 -0.103186180054 0.781127731938
2760000.000000000000 0.930555555556 1.395833333333 0.500000000000 0.500000000000 1920.000000000000 1080.000000000000 -0.102037704439 0.014807357100 -0.994670321789 -0.326347796266 -0.069253950838 0.997357514365 0.021951738742 -0.259750739393 0.992366966987 0.071124754595 -0.100742603291 0.779937903046
2800000.000000000000 0.930555555556 1.395833333333 0.500000000000 0.500000000000 1920.000000000000 1080.000000000000 -0.099090713984 0.015251561592 -0.994961516980 -0.322660606017 -0.068688940911 0.997392653051 0.022129731956 -0.259439289069 0.992704820074 0.070535703789 -0.097784736500 0.779039395437
2840000.000000000000 0.930555555556 1.395833333333 0.500000000000 0.500000000000 1920.000000000000 1080.000000000000 -0.096068948633 0.015777927130 -0.995249624026 -0.318938490236 -0.068451728322 0.997402489238 0.022419530566 -0.259395617853 0.993018186137 0.070280377607 -0.094739382123 0.778127094136
2880000.000000000000 0.930555555556 1.395833333333 0.500000000000 0.500000000000 1920.000000000000 1080.000000000000 -0.092729900776 0.016223902215 -0.995559114518 -0.314956284166 -0.068636797969 0.997384637828 0.022646725816 -0.259720199845 0.993322785134 0.070432018447 -0.091373821803 0.777285013583
2920000.000000000000 0.930555555556 1.395833333333 0.500000000000 0.500000000000 1920.000000000000 1080.000000000000 -0.088943098396 0.016724573440 -0.995896286714 -0.310643563499 -0.068620217221 0.997380501878 0.022877942701 -0.259878255095 0.993670162094 0.070373454632 -0.087562468255 0.776708178822
2960000.000000000000 0.930555555556 1.395833333333 0.500000000000 0.500000000000 1920.000000000000 1080.000000000000 -0.084718829015 0.017311351157 -0.996254504196 -0.306001676978 -0.068363357266 0.997391989634 0.023144554380 -0.259827252123 0.994056925630 0.070068082143 -0.083314419347 0.776423543748
3000000.000000000000 0.930555555556 1.395833333333 0.500000000000 0.500000000000 1920.000000000000 1080.000000000000 -0.080210481446 0.017914646653 -0.996616949536 -0.301130551774 -0.067981377974 0.997412131292 0.023400269248 -0.259672441873 0.994457043273 0.069628340404 -0.078785044885 0.776351498606
3040000.000000000000 0.930555555556 1.395833333333 0.500000000000 0.500000000000 1920.000000000000 1080.000000000000 -0.075547554441 0.018293433166 -0.996974381477 -0.296073438176 -0.067700528353 0.997430490288 0.023431933455 -0.259651379109 0.994841296629 0.069265917649 -0.074114959176 0.776377025637
3080000.000000000000 0.930555555556 1.395833333333 0.500000000000 0.500000000000 1920.000000000000 1080.000000000000 -0.070943289636 0.018610286844 -0.997306726579 -0.291034432793 -0.067507796502 0.997443950754 0.023415006208 -0.259714319268 0.995193321454 0.068987117115 -0.069505615637 0.776416752775
3120000.000000000000 0.930555555556 1.395833333333 0.500000000000 0.500000000000 1920.000000000000 1080.000000000000 -0.066344947441 0.018946067591 -0.997616857552 -0.285987674219 -0.067383393580 0.997452147567 0.023424166638 -0.259827702859 0.995518872859 0.068776884459 -0.064899259976 0.776479153429
3160000.000000000000 0.930555555556 1.395833333333 0.500000000000 0.500000000000 1920.000000000000 1080.000000000000 -0.061542697747 0.019367955298 -0.997916518884 -0.280780143632 -0.067169842562 0.997464729000 0.023501630805 -0.259857627596 0.995841708608 0.068476249224 -0.060085727822 0.776662303524
