source:configs/../inputs/camTrack_v01.asci fps:25.0 fx:0.9722222222222222 fy:1.4583333333333333 cx:0.5 cy:0.5 width:1920 height:1080 unit_scale:100.0
0.000000000000 0.972222222222 1.458333333333 0.500000000000 0.500000000000 1920.000000000000 1080.000000000000 -0.213627520948 0.028567577033 -0.976497401858 -43.074225409008 0.073574713352 0.997203961726 0.013077471945 -12.391646468493 0.974140669436 -0.069051808519 -0.215132061514 99.496584001715
40000.000000000000 0.972222222222 1.458333333333 0.500000000000 0.500000000000 1920.000000000000 1080.000000000000 -0.216753313308 0.028403430091 -0.975813120597 -43.550017413687 0.073047538975 0.997246297258 0.012801548906 -12.481411496285 0.973489629231 -0.068505968819 -0.218231239781 98.947324482374
80000.000000000000 0.972222222222 1.458333333333 0.500000000000 0.500000000000 1920.000000000000 1080.000000000000 -0.219722829700 0.028053708359 -0.975158893492 -44.002744860848 0.072944511846 0.997260720911 0.012253681886 -12.531829701281 0.972831422344 -0.068440075800 -0.221167311609 98.413045246848
120000.000000000000 0.972222222222 1.458333333333 0.500000000000 0.500000000000 1920.000000000000 1080.000000000000 -0.222407349000 0.027650875951 -0.974561645136 -44.422866202304 0.073135394810 0.997254508193 0.011604305870 -12.553601566458 0.972206863346 -0.068694067778 -0.223818989175 97.894509068034
160000.000000000000 0.972222222222 1.458333333333 0.500000000000 0.500000000000 1920.000000000000 1080.000000000000 -0.224447243583 0.027086305212 -0.974109730430 -44.771771460672 0.072983457365 0.997273431759 0.010914085331 -12.613784122834 0.971749376022 -0.068644259611 -0.225812125058 97.401583491151
200000.000000000000 0.972222222222 1.458333333333 0.500000000000 0.500000000000 1920.000000000000 1080.000000000000 -0.226123337906 0.026494457653 -0.973738301479 -45.080556483127 0.072866986864 0.997289364952 0.010213950236 -12.671056659184 0.971369465384 -0.068643763503 -0.227440971359 96.925464993221
240000.000000000000 0.972222222222 1.458333333333 0.500000000000 0.500000000000 1920.000000000000 1080.000000000000 -0.227400857498 0.025953475394 -0.973455323641 -45.347827889242 0.072778006977 0.997302074765 0.009588189039 -12.724360480664 0.971077860786 -0.068665775927 -0.228676189199 96.465757619366
280000.000000000000 0.972222222222 1.458333333333 0.500000000000 0.500000000000 1920.000000000000 1080.000000000000 -0.228592263055 0.025691303939 -0.973183196615 -45.608754539370 0.072871066396 0.997298832962 0.009211159305 -12.753671699391 0.970791112935 -0.068811297585 -0.229846949884 96.005902299756
320000.000000000000 0.972222222222 1.458333333333 0.500000000000 0.500000000000 1920.000000000000 1080.000000000000 -0.229661649161 0.025171827039 -0.972944965570 -45.849668248646 0.072858496050 0.997305174570 0.008603971753 -12.800264180989 0.970539626423 -0.068911304589 -0.230876732570 95.544069246832
360000.000000000000 0.972222222222 1.458333333333 0.500000000000 0.500000000000 1920.000000000000 1080.000000000000 -0.230364057482 0.024379662686 -0.972799071272 -46.044844349036 0.072637318467 0.997327970932 0.007793482062 -12.874488027750 0.970389726340 -0.068866177794 -0.231519391347 95.097852452179
400000.000000000000 0.972222222222 1.458333333333 0.500000000000 0.500000000000 1920.000000000000 1080.000000000000 -0.230902539793 0.023635915032 -0.972689755594 -46.220150558405 0.072240298493 0.997362080130 0.007086634711 -12.966288884176 0.970291377057 -0.068631076331 -0.232000902952 94.657827223391
440000.000000000000 0.972222222222 1.458333333333 0.500000000000 0.500000000000 1920.000000000000 1080.000000000000 -0.231522383650 0.023177388489 -0.972553440450 -46.402851048848 0.072248555238 0.997365022624 0.006569468170 -13.013223978130 0.970143047254 -0.068744602034 -0.232586860239 94.219946952320
480000.000000000000 0.972222222222 1.458333333333 0.500000000000 0.500000000000 1920.000000000000 1080.000000000000 -0.232116585844 0.022739411840 -0.972422135559 -46.577177798589 0.072464181971 0.997352815607 0.006025241194 -13.040025896423 0.969984965300 -0.069067216168 -0.233149923318 93.787940612551
520000.000000000000 0.972222222222 1.458333333333 0.500000000000 0.500000000000 1920.000000000000 1080.000000000000 -0.232591016980 0.022289242134 -0.972319190650 -46.731964530137 0.072766266849 0.997334097338 0.005456069598 -13.057174299450 0.969848693987 -0.069483004913 -0.233592856910 93.369886803205
560000.000000000000 0.972222222222 1.458333333333 0.500000000000 0.500000000000 1920.000000000000 1080.000000000000 -0.233053929736 0.021458538271 -0.972227029541 -46.869179916939 0.072820728470 0.997334636729 0.004556740762 -13.105121713528 0.969733472321 -0.069736314188 -0.233995382741 92.964042925048
600000.000000000000 0.972222222222 1.458333333333 0.500000000000 0.500000000000 1920.000000000000 1080.000000000000 -0.233309056804 0.020396442239 -0.972188700385 -46.971378664499 0.072896272613 0.997333629186 0.003430092483 -13.153348756004 0.969666446492 -0.070068660892 -0.234173792958 92.587370655637
640000.000000000000 0.972222222222 1.458333333333 0.500000000000 0.500000000000 1920.000000000000 1080.000000000000 -0.233367652076 0.020034548239 -0.972182161861 -47.057964665188 0.072739137941 0.997346205990 0.003092443944 -13.204163632018 0.969664146381 -0.069994015993 -0.234205638167 92.229577538005
680000.000000000000 0.972222222222 1.458333333333 0.500000000000 0.500000000000 1920.000000000000 1080.000000000000 -0.233434911486 0.019821261099 -0.972170386150 -47.136880464162 0.072539942863 0.997361243037 0.002916775195 -13.254579554162 0.969662878937 -0.069840307105 -0.234256766636 91.871261321551
720000.000000000000 0.972222222222 1.458333333333 0.500000000000 0.500000000000 1920.000000000000 1080.000000000000 -0.233536663428 0.019577402853 -0.972150889591 -47.207358865958 0.072574559514 0.997359467324 0.002650707447 -13.283499751062 0.969635787369 -0.069934385220 -0.234340823625 91.515445253145
760000.000000000000 0.972222222222 1.458333333333 0.500000000000 0.500000000000 1920.000000000000 1080.000000000000 -0.233662504098 0.019039977875 -0.972131325193 -47.262837147004 0.072686059448 0.997352736266 0.002063062178 -13.312742337601 0.969597117849 -0.070178335020 -0.234427878789 91.157523001430
800000.000000000000 0.972222222222 1.458333333333 0.500000000000 0.500000000000 1920.000000000000 1080.000000000000 -0.233867506605 0.017975114969 -0.972102301508 -47.303974353759 0.072607367477 0.997360125957 0.000974340802 -13.372889969053 0.969553587762 -0.070353922377 -0.234555251622 90.799072926746
840000.000000000000 0.972222222222 1.458333333333 0.500000000000 0.500000000000 1920.000000000000 1080.000000000000 -0.234023273242 0.016884959348 -0.972084361426 -47.328039986562 0.072252596042 0.997386363190 -0.000069912481 -13.457627081906 0.969542505487 -0.070251979833 -0.234631603548 90.446446229173
880000.000000000000 0.972222222222 1.458333333333 0.500000000000 0.500000000000 1920.000000000000 1080.000000000000 -0.234162095813 0.015623530032 -0.972072023151 -47.335625595855 0.071805692084 0.997417835684 -0.001266350445 -13.553820373275 0.969542188597 -0.070096835652 -0.234679309192 90.099797248184
920000.000000000000 0.972222222222 1.458333333333 0.500000000000 0.500000000000 1920.000000000000 1080.000000000000 -0.234181316364 0.013926006024 -0.972093193795 -47.311570673387 0.071329577300 0.997448602252 -0.002894351161 -13.661653206191 0.969572690657 -0.070016799574 -0.234577162804 89.767002420285
960000.000000000000 0.972222222222 1.458333333333 0.500000000000 0.500000000000 1920.000000000000 1080.000000000000 -0.234252439030 0.012112724043 -0.972100342930 -47.279225001243 0.071184548812 0.997451970384 -0.004725123029 -13.740829293367 0.969566168355 -0.070305395906 -0.234517795674 89.441680260636
1000000.000000000000 0.972222222222 1.458333333333 0.500000000000 0.500000000000 1920.000000000000 1080.000000000000 -0.234302310812 0.010825817310 -0.972103507260 -47.245088338822 0.071219092945 0.997442301884 -0.006057657306 -13.788783137218 0.969551580860 -0.070651653141 -0.234474041122 89.118404911384
1040000.000000000000 0.972222222222 1.458333333333 0.500000000000 0.500000000000 1920.000000000000 1080.000000000000 -0.234367792766 0.009724613574 -0.972099362002 -47.207174383154 0.071138985181 0.997440620527 -0.007173096302 -13.842491182788 0.969541635259 -0.070835304856 -0.234459755789 88.785193612857
1080000.000000000000 0.972222222222 1.458333333333 0.500000000000 0.500000000000 1920.000000000000 1080.000000000000 -0.234435584423 0.008531708814 -0.972094216988 -47.158918813064 0.071071623567 0.997435963365 -0.008385899498 -13.896494289865 0.969530185750 -0.071054267511 -0.234440845393 88.447293419821
1120000.000000000000 0.972222222222 1.458333333333 0.500000000000 0.500000000000 1920.000000000000 1080.000000000000 -0.234541851729 0.007436906273 -0.972077575203 -47.108245728809 0.071067376527 0.997426122299 -0.009516225595 -13.941624269386 0.969504795131 -0.071314956223 -0.234466691105 88.100482437446
1160000.000000000000 0.972222222222 1.458333333333 0.500000000000 0.500000000000 1920.000000000000 1080.000000000000 -0.234646600008 0.006234470125 -0.972060751438 -47.047341507016 0.071189510536 0.997404473528 -0.010787482362 -13.977853798024 0.969470487789 -0.071731775165 -0.234481397422 87.750265931444
1200000.000000000000 0.972222222222 1.458333333333 0.500000000000 0.500000000000 1920.000000000000 1080.000000000000 -0.234753317908 0.005253636421 -0.972040780541 -46.982953561564 0.071232388994 0.997389800634 -0.011812381235 -14.016233391229 0.969441502356 -0.072013782685 -0.234514794019 87.394230543670
1240000.000000000000 0.972222222222 1.458333333333 0.500000000000 0.500000000000 1920.000000000000 1080.000000000000 -0.234743428546 0.004317633382 -0.972047777013 -46.901980102641 0.070789749537 0.997410852869 -0.012664988707 -14.098350090898 0.969476319523 -0.071784041545 -0.234441287457 87.029190644393
1280000.000000000000 0.972222222222 1.458333333333 0.500000000000 0.500000000000 1920.000000000000 1080.000000000000 -0.234455789782 0.002920434102 -0.972122396462 -46.779064355094 0.070129206833 0.997440828029 -0.013917217024 -14.211416827506 0.969593923757 -0.071437144718 -0.234060584824 86.681747174910
1320000.000000000000 0.972222222222 1.458333333333 0.500000000000 0.500000000000 1920.000000000000 1080.000000000000 -0.233971662045 0.001420098499 -0.972242379595 -46.633834834216 0.069704945310 0.997450043391 -0.015317687143 -14.304635105152 0.969741451089 -0.071354006617 -0.233474032347 86.346744310045
1360000.000000000000 0.972222222222 1.458333333333 0.500000000000 0.500000000000 1920.000000000000 1080.000000000000 -0.233063240727 0.000008009909 -0.972461580608 -46.449387437890 0.069724488487 0.997426454919 -0.016702177519 -14.354183872169 0.969958773107 -0.071697049901 -0.232464000457 86.041750954788
1400000.000000000000 0.972222222222 1.458333333333 0.500000000000 0.500000000000 1920.000000000000 1080.000000000000 -0.232324540908 -0.001190435971 -0.972637594664 -46.291096462503 0.069822380134 0.997398855792 -0.017898538964 -14.389643984310 0.970128931083 -0.072070141715 -0.231637112202 85.724169596331
1440000.000000000000 0.972222222222 1.458333333333 0.500000000000 0.500000000000 1920.000000000000 1080.000000000000 -0.230631411946 -0.002556683935 -0.973037828243 -46.049774598428 0.069796878103 0.997377128063 -0.019164034620 -14.439411359181 0.970534671009 -0.072334831050 -0.229848046731 85.445673499595
1480000.000000000000 0.972222222222 1.458333333333 0.500000000000 0.500000000000 1920.000000000000 1080.000000000000 -0.228104778540 -0.004639309279 -0.973625537266 -45.727573347410 0.069708654555 0.997344559694 -0.021083944796 -14.509743528036 0.971137947713 -0.072679474802 -0.227175659909 85.221592918528
1520000.000000000000 0.972222222222 1.458333333333 0.500000000000 0.500000000000 1920.000000000000 1080.000000000000 -0.225057996032 -0.006292955122 -0.974325046962 -45.371996075557 0.069645402249 0.997317388417 -0.022528752903 -14.567670277228 0.971853083736 -0.072927535798 -0.224015977454 85.018534782944
1560000.000000000000 0.972222222222 1.458333333333 0.500000000000 0.500000000000 1920.000000000000 1080.000000000000 -0.220739976926 -0.007362918426 -0.975304901053 -44.921240199448 0.069472753503 0.997312811963 -0.023252776501 -14.616091785375 0.972855281688 -0.072889934330 -0.219635284884 84.883525629244
1600000.000000000000 0.972222222222 1.458333333333 0.500000000000 0.500000000000 1920.000000000000 1080.000000000000 -0.215238403712 -0.008059355507 -0.976528277295 -44.377419967832 0.069427178491 0.997309402472 -0.023533436391 -14.646174905852 0.974090497056 -0.072862902292 -0.214099745481 84.791021711347
1640000.000000000000 0.972222222222 1.458333333333 0.500000000000 0.500000000000 1920.000000000000 1080.000000000000 -0.209417531008 -0.008849522613 -0.977786266858 -43.804783763864 0.069294207079 0.997310715636 -0.023867327943 -14.686151175601 0.975367935998 -0.072753160944 -0.208241127063 84.715801974873
1680000.000000000000 0.972222222222 1.458333333333 0.500000000000 0.500000000000 1920.000000000000 1080.000000000000 -0.203213204988 -0.009582714206 -0.979087618606 -43.201813080925 0.069067434984 0.997320938532 -0.024096368803 -14.735136202074 0.976695491309 -0.072519770775 -0.202006930830 84.642787972086
1720000.000000000000 0.972222222222 1.458333333333 0.500000000000 0.500000000000 1920.000000000000 1080.000000000000 -0.196861869278 -0.010110988459 -0.980379096236 -42.590846755685 0.069070490960 0.997319304303 -0.024155176328 -14.757953342219 0.977995230920 -0.072470498669 -0.195635771575 84.585953490399
1760000.000000000000 0.972222222222 1.458333333333 0.500000000000 0.500000000000 1920.000000000000 1080.000000000000 -0.190210926574 -0.010064365419 -0.981691658292 -41.968476984956 0.069142856830 0.997327068879 -0.023621664431 -14.761778450367 0.979305401170 -0.072370064459 -0.189006626892 84.523729125580
1800000.000000000000 0.972222222222 1.458333333333 0.500000000000 0.500000000000 1920.000000000000 1080.000000000000 -0.183294023552 -0.010279764166 -0.983004388281 -41.319430724097 0.069109413586 0.997336579716 -0.023315996946 -14.782555407231 0.980625917404 -0.072208539720 -0.182095406058 84.468650213228
1840000.000000000000 0.972222222222 1.458333333333 0.500000000000 0.500000000000 1920.000000000000 1080.000000000000 -0.177140509916 -0.010859391283 -0.984125659338 -40.728498856995 0.068934810000 0.997346381626 -0.023413394193 -14.827746799755 0.981768420615 -0.071987975928 -0.175921856529 84.375909708759
1880000.000000000000 0.972222222222 1.458333333333 0.500000000000 0.500000000000 1920.000000000000 1080.000000000000 -0.170966757116 -0.011396355743 -0.985210886581 -40.136577074572 0.068701911467 0.997361380996 -0.023458965414 -14.877448596211 0.982878637128 -0.071696574348 -0.169732689558 84.281868526746
1920000.000000000000 0.972222222222 1.458333333333 0.500000000000 0.500000000000 1920.000000000000 1080.000000000000 -0.164400600664 -0.011617840126 -0.986325234541 -39.516918117180 0.068451319346 0.997385654293 -0.023157579561 -14.920447897713 0.984015680455 -0.071322383598 -0.163175544175 84.200694160347
1960000.000000000000 0.972222222222 1.458333333333 0.500000000000 0.500000000000 1920.000000000000 1080.000000000000 -0.158187385248 -0.011856792632 -0.987337919669 -38.924273683550 0.068671852500 0.997374609729 -0.022979654948 -14.925479193915 0.985018237305 -0.071437415517 -0.156957853711 84.109482151042
2000000.000000000000 0.972222222222 1.458333333333 0.500000000000 0.500000000000 1920.000000000000 1080.000000000000 -0.152133943210 -0.011911987907 -0.988288099629 -38.345741622804 0.068933795920 0.997364470221 -0.022632837237 -14.923335161550 0.985953038995 -0.071569672945 -0.150911851129 84.008655702812
2040000.000000000000 0.972222222222 1.458333333333 0.500000000000 0.500000000000 1920.000000000000 1080.000000000000 -0.145957348152 -0.011364050934 -0.989225611712 -37.765784828585 0.069102622777 0.997374529006 -0.021653554321 -14.915052190969 0.986874500656 -0.071518579655 -0.144788855643 83.905824434335
2080000.000000000000 0.972222222222 1.458333333333 0.500000000000 0.500000000000 1920.000000000000 1080.000000000000 -0.140091941886 -0.010965143496 -0.990077781514 -37.205775544561 0.069146738191 0.997389009230 -0.020830095191 -14.924014284587 0.987721102547 -0.071378777632 -0.138967959212 83.788261372267
2120000.000000000000 0.972222222222 1.458333333333 0.500000000000 0.500000000000 1920.000000000000 1080.000000000000 -0.135028851087 -0.011199382759 -0.990778372392 -36.696509523689 0.069171422760 0.997389981434 -0.020701188558 -14.953008611805 0.988424262980 -0.071328807365 -0.133901746039 83.650927791934
2160000.000000000000 0.972222222222 1.458333333333 0.500000000000 0.500000000000 1920.000000000000 1080.000000000000 -0.130916649400 -0.011767643141 -0.991323536231 -36.256794721100 0.069352207674 0.997371216979 -0.020998257841 -14.979911832420 0.988964661755 -0.071499497317 -0.129756385904 83.494852148631
2200000.000000000000 0.972222222222 1.458333333333 0.500000000000 0.500000000000 1920.000000000000 1080.000000000000 -0.127344422244 -0.012244713978 -0.991782972783 -35.862060820252 0.069427757786 0.997361095824 -0.021228070688 -15.014016715197 0.989425684209 -0.071560544408 -0.126158249481 83.328482377309
2240000.000000000000 0.972222222222 1.458333333333 0.500000000000 0.500000000000 1920.000000000000 1080.000000000000 -0.124406755885 -0.012485668375 -0.992152743873 -35.522363086947 0.069882652439 0.997327505256 -0.021313426491 -15.012252565839 0.989767333255 -0.071985799613 -0.123201747860 83.156220224722
2280000.000000000000 0.972222222222 1.458333333333 0.500000000000 0.500000000000 1920.000000000000 1080.000000000000 -0.122473860270 -0.012572879087 -0.992392098045 -35.265568642454 0.070369944261 0.997293110855 -0.021319521245 -15.006299827279 0.989973850410 -0.072445660691 -0.121257584306 82.954238197463
2320000.000000000000 0.972222222222 1.458333333333 0.500000000000 0.500000000000 1920.000000000000 1080.000000000000 -0.120689062540 -0.012626983585 -0.992610049047 -35.016591787594 0.070237907185 0.997304397430 -0.021226758130 -15.053722352969 0.990202396774 -0.072280690035 -0.119476839892 82.743936264063
2360000.000000000000 0.972222222222 1.458333333333 0.500000000000 0.500000000000 1920.000000000000 1080.000000000000 -0.118712375660 -0.012682457062 -0.992847685775 -34.745683745477 0.069781597948 0.997339469156 -0.021083449721 -15.130530994070 0.990473573829 -0.071785364436 -0.117511535603 82.543414372163
2400000.000000000000 0.972222222222 1.458333333333 0.500000000000 0.500000000000 1920.000000000000 1080.000000000000 -0.116578692950 -0.012746863828 -0.993099655529 -34.455267524401 0.069172615537 0.997385292153 -0.020921956316 -15.222282693519 0.990769679396 -0.071134354983 -0.115392139816 82.356133167986
2440000.000000000000 0.972222222222 1.458333333333 0.500000000000 0.500000000000 1920.000000000000 1080.000000000000 -0.114968025666 -0.012931122982 -0.993285024116 -34.198799438800 0.068860162420 0.997406218906 -0.020955011799 -15.294719187628 0.990979632034 -0.070806924424 -0.113779384545 82.169685868005
2480000.000000000000 0.972222222222 1.458333333333 0.500000000000 0.500000000000 1920.000000000000 1080.000000000000 -0.113665951537 -0.013244992270 -0.993430733187 -33.959411564640 0.068617426046 0.997418848820 -0.021149204734 -15.363935544548 0.991146659332 -0.070570604346 -0.112463725255 81.988073547737
2520000.000000000000 0.972222222222 1.458333333333 0.500000000000 0.500000000000 1920.000000000000 1080.000000000000 -0.112217401111 -0.013584098125 -0.993590824820 -33.703355848266 0.068535873621 0.997419600314 -0.021376972102 -15.418391300463 0.991317350254 -0.070495483454 -0.110996837332 81.824912632474
2560000.000000000000 0.972222222222 1.458333333333 0.500000000000 0.500000000000 1920.000000000000 1080.000000000000 -0.111248297694 -0.013780260037 -0.993697097054 -33.485331685967 0.068923728580 0.997389199057 -0.021547743331 -15.429067255094 0.991399685242 -0.070886458773 -0.110008063631 81.659941778325
2600000.000000000000 0.972222222222 1.458333333333 0.500000000000 0.500000000000 1920.000000000000 1080.000000000000 -0.110099752346 -0.013924560045 -0.993822997903 -33.251288511785 0.069236261836 0.997365458111 -0.021644468417 -15.442064743180 0.991506119285 -0.071191639914 -0.108845605451 81.501654740933
2640000.000000000000 0.972222222222 1.458333333333 0.500000000000 0.500000000000 1920.000000000000 1080.000000000000 -0.108460223714 -0.014080022612 -0.994001072854 -32.975115128705 0.069268339053 0.997362332226 -0.021685835487 -15.476779542124 0.991684565311 -0.071204853902 -0.107198841897 81.355602598884
2680000.000000000000 0.972222222222 1.458333333333 0.500000000000 0.500000000000 1920.000000000000 1080.000000000000 -0.106512244624 -0.014253140510 -0.994209228347 -32.672896670306 0.069331946883 0.997357038813 -0.021725981497 -15.508940552123 0.991891235412 -0.071244544466 -0.105242538915 81.218759924229
2720000.000000000000 0.972222222222 1.458333333333 0.500000000000 0.500000000000 1920.000000000000 1080.000000000000 -0.104473183094 -0.014509817841 -0.994421851731 -32.361254888271 0.069542570021 0.997339479771 -0.021858477657 -15.532488139217 0.992093334807 -0.071438275993 -0.103186180054 81.086648336913
2760000.000000000000 0.972222222222 1.458333333333 0.500000000000 0.500000000000 1920.000000000000 1080.000000000000 -0.102037704439 -0.014807357100 -0.994670321789 -32.017538475365 0.069253950838 0.997357514365 -0.021951738742 -15.599536316831 0.992366966987 -0.071124754595 -0.100742603291 80.958608746646
2800000.000000000000 0.972222222222 1.458333333333 0.500000000000 0.500000000000 1920.000000000000 1080.000000000000 -0.099090713984 -0.015251561592 -0.994961516980 -31.629357238214 0.068688940911 0.997392653051 -0.022129731956 -15.693988171765 0.992704820074 -0.070535703789 -0.097784736500 80.848577020705
2840000.000000000000 0.972222222222 1.458333333333 0.500000000000 0.500000000000 1920.000000000000 1080.000000000000 -0.096068948633 -0.015777927130 -0.995249624026 -31.234120380433 0.068451728322 0.997402489238 -0.022419530566 -15.765218920440 0.993018186137 -0.070280377607 -0.094739382123 80.751370353074
2880000.000000000000 0.972222222222 1.458333333333 0.500000000000 0.500000000000 1920.000000000000 1080.000000000000 -0.092729900776 -0.016223902215 -0.995559114518 -30.816155151694 0.068636797969 0.997384637828 -0.022646725816 -15.799447029771 0.993322785134 -0.070432018447 -0.091373821803 80.678264793304
2920000.000000000000 0.972222222222 1.458333333333 0.500000000000 0.500000000000 1920.000000000000 1080.000000000000 -0.088943098396 -0.016724573440 -0.995896286714 -30.362816528785 0.068620217221 0.997380501878 -0.022877942701 -15.848944880791 0.993670162094 -0.070373454632 -0.087562468255 80.622748521999
2960000.000000000000 0.972222222222 1.458333333333 0.500000000000 0.500000000000 1920.000000000000 1080.000000000000 -0.084718829015 -0.017311351157 -0.996254504196 -29.872937176634 0.068363357266 0.997391989634 -0.023144554380 -15.916597945959 0.994056925630 -0.070068082143 -0.083314419347 80.585836222797
3000000.000000000000 0.972222222222 1.458333333333 0.500000000000 0.500000000000 1920.000000000000 1080.000000000000 -0.080210481446 -0.017914646653 -0.996616949536 -29.359425316366 0.067981377974 0.997412131292 -0.023400269248 -15.991694796672 0.994457043273 -0.069628340404 -0.078785044885 80.564261302975
3040000.000000000000 0.972222222222 1.458333333333 0.500000000000 0.500000000000 1920.000000000000 1080.000000000000 -0.075547554441 -0.018293433166 -0.996974381477 -28.836736842323 0.067700528353 0.997430490288 -0.023431933455 -16.051409019772 0.994841296629 -0.069265917649 -0.074114959176 80.555514589608
3080000.000000000000 0.972222222222 1.458333333333 0.500000000000 0.500000000000 1920.000000000000 1080.000000000000 -0.070943289636 -0.018610286844 -0.997306726579 -28.318446650198 0.067507796502 0.997443950754 -0.023415006208 -16.101543392888 0.995193321454 -0.068987117115 -0.069505615637 80.551606480679
3120000.000000000000 0.972222222222 1.458333333333 0.500000000000 0.500000000000 1920.000000000000 1080.000000000000 -0.066344947441 -0.018946067591 -0.997616857552 -27.798560458582 0.067383393580 0.997452147567 -0.023424166638 -16.145663504119 0.995518872859 -0.068776884459 -0.064899259976 80.552778929882
3160000.000000000000 0.972222222222 1.458333333333 0.500000000000 0.500000000000 1920.000000000000 1080.000000000000 -0.061542697747 -0.019367955298 -0.997916518884 -27.258927907937 0.067169842562 0.997464729000 -0.023501630805 -16.197825364399 0.995841708608 -0.068476249224 -0.060085727822 80.562146177361
3200000.000000000000 0.972222222222 1.458333333333 0.500000000000 0.500000000000 1920.000000000000 1080.000000000000 -0.056904683171 -0.019878250270 -0.998181702998 -26.728742028042 0.067095116367 0.997465326857 -0.023688965317 -16.240165873198 0.996122533824 -0.068321130584 -0.055426714884 80.575164015457
3240000.000000000000 0.972222222222 1.458333333333 0.500000000000 0.500000000000 1920.000000000000 1080.000000000000 -0.052316302876 -0.020321098461 -0.998423786481 -26.203955610783 0.067124739940 0.997460243048 -0.023818749470 -16.271340350653 0.996372055881 -0.068265045929 -0.050819383733 80.592217382286
3280000.000000000000 0.972222222222 1.458333333333 0.500000000000 0.500000000000 1920.000000000000 1080.000000000000 -0.047660619715 -0.020487771897 -0.998653451669 -25.680427201063 0.067052193412 0.997468816986 -0.023663526771 -16.302538534867 0.996610489954 -0.068089722744 -0.046166231920 80.615805253757
3320000.000000000000 0.972222222222 1.458333333333 0.500000000000 0.500000000000 1920.000000000000 1080.000000000000 -0.043255139446 -0.020607210361 -0.998851508380 -25.181435185848 0.067095980029 0.997470108528 -0.023484293843 -16.321437934854 0.996808468250 -0.068034737263 -0.041763047663 80.638347329052
3360000.000000000000 0.972222222222 1.458333333333 0.500000000000 0.500000000000 1920.000000000000 1080.000000000000 -0.038919828498 -0.020962657370 -0.999022429150 -24.685274515132 0.067129491649 0.997466417175 -0.023545232176 -16.342055165863 0.996984893717 -0.067980244213 -0.037414009356 80.668601291805
3400000.000000000000 0.972222222222 1.458333333333 0.500000000000 0.500000000000 1920.000000000000 1080.000000000000 -0.034592458915 -0.021684450424 -0.999166225608 -24.184229907606 0.067112006620 0.997457455657 -0.023970872379 -16.371018521311 0.997145596367 -0.067885261766 -0.033049219074 80.705996282928
3440000.000000000000 0.972222222222 1.458333333333 0.500000000000 0.500000000000 1920.000000000000 1080.000000000000 -0.030425513575 -0.022685506066 -0.999279568458 -23.689455840612 0.067237022841 0.997431476235 -0.024690746749 -16.390699930554 0.997273017224 -0.067939811819 -0.028822059031 80.753050222398
3480000.000000000000 0.972222222222 1.458333333333 0.500000000000 0.500000000000 1920.000000000000 1080.000000000000 -0.026442666106 -0.023485993180 -0.999374401080 -23.213662432576 0.067287889672 0.997414795887 -0.025220326102 -16.410591489314 0.997383138675 -0.067912687103 -0.024793983499 80.798903871442
3520000.000000000000 0.972222222222 1.458333333333 0.500000000000 0.500000000000 1920.000000000000 1080.000000000000 -0.022449752660 -0.023921925512 -0.999461730175 -22.745338287463 0.067096742566 0.997423615888 -0.025380260147 -16.441846962864 0.997493877546 -0.067630406976 -0.020786830196 80.841420052224
3560000.000000000000 0.972222222222 1.458333333333 0.500000000000 0.500000000000 1920.000000000000 1080.000000000000 -0.018905707275 -0.024137767149 -0.999529860699 -22.318830728703 0.067144218084 0.997421016581 -0.025356846431 -16.450203314172 0.997564147416 -0.067592040064 -0.017236238268 80.874259031187
3600000.000000000000 0.972222222222 1.458333333333 0.500000000000 0.500000000000 1920.000000000000 1080.000000000000 -0.015831051171 -0.024198012763 -0.999581829565 -21.935518389716 0.067284730076 0.997415239822 -0.025211197286 -16.448302491395 0.997608211132 -0.067655713345 -0.014161974943 80.893333604072
3640000.000000000000 0.972222222222 1.458333333333 0.500000000000 0.500000000000 1920.000000000000 1080.000000000000 -0.012708199058 -0.024287367810 -0.999624242124 -21.550144724638 0.067231587787 0.997421915305 -0.025088572548 -16.462170204962 0.997656461554 -0.067525155562 -0.011042557943 80.906299435666
3680000.000000000000 0.972222222222 1.458333333333 0.500000000000 0.500000000000 1920.000000000000 1080.000000000000 -0.009715704267 -0.024469106946 -0.999653373873 -21.174782110711 0.066939161288 0.997442161715 -0.025065568404 -16.496929525960 0.997709754276 -0.067159488076 -0.008052911570 80.911357064962
3720000.000000000000 0.972222222222 1.458333333333 0.500000000000 0.500000000000 1920.000000000000 1080.000000000000 -0.006898004694 -0.024903695664 -0.999666055977 -20.808246307185 0.066786105732 0.997446268427 -0.025309241051 -16.524113018605 0.997743470844 -0.066938386175 -0.005217168190 80.917321784300
3760000.000000000000 0.972222222222 1.458333333333 0.500000000000 0.500000000000 1920.000000000000 1080.000000000000 -0.004308539387 -0.025470151506 -0.999666298257 -20.456208604429 0.066855385929 0.997431600404 -0.025701359632 -16.534674445162 0.997753373264 -0.066943811490 -0.002594656528 80.925700192396
3800000.000000000000 0.972222222222 1.458333333333 0.500000000000 0.500000000000 1920.000000000000 1080.000000000000 -0.001675864211 -0.026051380677 -0.999659200450 -20.099916020223 0.066917108977 0.997416975351 -0.026105129924 -16.543641341928 0.997757130771 -0.066938052310 0.000071747668 80.936365614579
3840000.000000000000 0.972222222222 1.458333333333 0.500000000000 0.500000000000 1920.000000000000 1080.000000000000 0.000807717456 -0.026495625274 -0.999648602977 -19.756423652694 0.067093354582 0.997397856737 -0.026381757858 -16.539006162832 0.997746375270 -0.067048469171 0.002583296040 80.947725960265
3880000.000000000000 0.972222222222 1.458333333333 0.500000000000 0.500000000000 1920.000000000000 1080.000000000000 0.003192501827 -0.026911367269 -0.999632725677 -19.420716867329 0.067223902451 0.997382306615 -0.026636091882 -16.535319730986 0.997732807354 -0.067114177066 0.004993231965 80.953871266251
3920000.000000000000 0.972222222222 1.458333333333 0.500000000000 0.500000000000 1920.000000000000 1080.000000000000 0.005693335375 -0.027283591665 -0.999611520321 -19.073974243774 0.067402750516 0.997364813347 -0.026838374007 -16.525263069838 0.997709604622 -0.067223766053 0.007517321496 80.961940650867
3960000.000000000000 0.972222222222 1.458333333333 0.500000000000 0.500000000000 1920.000000000000 1080.000000000000 0.008525786247 -0.027715500045 -0.999579492600 -18.697367221716 0.067105573574 0.997378264239 -0.027082097774 -16.553848813349 0.997709453180 -0.066846459007 0.010363298416 80.964893976233
4000000.000000000000 0.972222222222 1.458333333333 0.500000000000 0.500000000000 1920.000000000000 1080.000000000000 0.011773482903 -0.027997797061 -0.999538647807 -18.287538599750 0.066974058446 0.997385296216 -0.027148598248 -16.566515350235 0.997685251267 -0.066623526260 0.013617824829 80.976269006447
4040000.000000000000 0.972222222222 1.458333333333 0.500000000000 0.500000000000 1920.000000000000 1080.000000000000 0.015079088707 -0.028267814029 -0.999486644120 -17.871134991630 0.066863230544 0.997391337095 -0.027199799423 -16.579911803182 0.997648199259 -0.066418757723 0.016929829814 80.985943166258
4080000.000000000000 0.972222222222 1.458333333333 0.500000000000 0.500000000000 1920.000000000000 1080.000000000000 0.018478618282 -0.028575990209 -0.999420808994 -17.444349447179 0.066906267029 0.997386239780 -0.027280764827 -16.585358547097 0.997588137509 -0.066363404681 0.020342232437 80.998852125598
4120000.000000000000 0.972222222222 1.458333333333 0.500000000000 0.500000000000 1920.000000000000 1080.000000000000 0.022134485256 -0.029010303859 -0.999334011646 -16.993399080965 0.066830262005 0.997386044623 -0.027473515812 -16.606869967420 0.997518812175 -0.066177641698 0.024015392907 81.014039530941
4160000.000000000000 0.972222222222 1.458333333333 0.500000000000 0.500000000000 1920.000000000000 1080.000000000000 0.026013689846 -0.029522252768 -0.999225562389 -16.522551008819 0.066915500050 0.997373357709 -0.027725460946 -16.621557266876 0.997419472335 -0.066142436628 0.027920857495 81.037574496403
4200000.000000000000 0.972222222222 1.458333333333 0.500000000000 0.500000000000 1920.000000000000 1080.000000000000 0.029514391284 -0.029934572719 -0.999116020322 -16.085291937152 0.067092194192 0.997356622192 -0.027899922027 -16.632531607748 0.997310151450 -0.066209436840 0.031444749763 81.057054621498
4240000.000000000000 0.972222222222 1.458333333333 0.500000000000 0.500000000000 1920.000000000000 1080.000000000000 0.033478573087 -0.030304843909 -0.998979880468 -15.611582586726 0.066675945878 0.997381117832 -0.028021849202 -16.695400465055 0.997212867639 -0.065669796917 0.035411500781 81.078339129191
4280000.000000000000 0.972222222222 1.458333333333 0.500000000000 0.500000000000 1920.000000000000 1080.000000000000 0.037893400144 -0.030798641225 -0.998807055404 -15.098276366618 0.065862050478 0.997428548177 -0.028257416502 -16.796646360863 0.997108961214 -0.064712711110 0.039824420755 81.104685199005
4320000.000000000000 0.972222222222 1.458333333333 0.500000000000 0.500000000000 1920.000000000000 1080.000000000000 0.041671776145 -0.031321273327 -0.998640296058 -14.632095510562 0.065647390317 0.997434536794 -0.028544087908 -16.853365660213 0.996972358302 -0.064368646460 0.043621028592 81.138321828804
4360000.000000000000 0.972222222222 1.458333333333 0.500000000000 0.500000000000 1920.000000000000 1080.000000000000 0.044635321289 -0.031679934268 -0.998500911296 -14.233049429087 0.065894494041 0.997413774158 -0.028699804443 -16.869331078306 0.996827770354 -0.064514687357 0.046607417507 81.174385191608
4400000.000000000000 0.972222222222 1.458333333333 0.500000000000 0.500000000000 1920.000000000000 1080.000000000000 0.047793624059 -0.031878353353 -0.998348406162 -13.821456953072 0.065835426361 0.997417757786 -0.028696917759 -16.906202321693 0.996685239248 -0.064355163278 0.049768934330 81.212913774686
4440000.000000000000 0.972222222222 1.458333333333 0.500000000000 0.500000000000 1920.000000000000 1080.000000000000 0.051254202934 -0.032075775291 -0.998170401946 -13.383773190183 0.065731914896 0.997425168670 -0.028676615355 -16.944839964869 0.996520106192 -0.064141854849 0.053230634138 81.261250919474
4480000.000000000000 0.972222222222 1.458333333333 0.500000000000 0.500000000000 1920.000000000000 1080.000000000000 0.054707932964 -0.032540461347 -0.997972023880 -12.937616092641 0.065350382214 0.997442610159 -0.028940749521 -17.009974116751 0.996361565706 -0.063634564614 0.056694555038 81.310957118769
4520000.000000000000 0.972222222222 1.458333333333 0.500000000000 0.500000000000 1920.000000000000 1080.000000000000 0.058655307607 -0.033266943698 -0.997723842226 -12.438614605361 0.064711824256 0.997469215390 -0.029454102456 -17.098596254853 0.996178666049 -0.062836890494 0.060659628271 81.371128025906
4560000.000000000000 0.972222222222 1.458333333333 0.500000000000 0.500000000000 1920.000000000000 1080.000000000000 0.062119883754 -0.033838838523 -0.997494888734 -11.973087175308 0.064709813188 0.997458840184 -0.029807754294 -17.131381252887 0.995968754590 -0.062696053674 0.064151732121 81.444242804007
4600000.000000000000 0.972222222222 1.458333333333 0.500000000000 0.500000000000 1920.000000000000 1080.000000000000 0.065238224183 -0.034244562320 -0.997281948125 -11.533347249398 0.064998995908 0.997434339387 -0.029997818956 -17.133455662661 0.995750523292 -0.062865320828 0.067296707207 81.521536689311
4640000.000000000000 0.972222222222 1.458333333333 0.500000000000 0.500000000000 1920.000000000000 1080.000000000000 0.068322921382 -0.034482442855 -0.997067169026 -11.094496198036 0.065374347405 0.997409304274 -0.030014570602 -17.121261252172 0.995519047088 -0.063131932346 0.070400184680 81.603302257477
4680000.000000000000 0.972222222222 1.458333333333 0.500000000000 0.500000000000 1920.000000000000 1080.000000000000 0.071431299488 -0.034755063568 -0.996839834181 -10.648270775518 0.065337105146 0.997409381036 -0.030093011021 -17.136280749463 0.995303286513 -0.062981046177 0.073517043452 81.681212116484
4720000.000000000000 0.972222222222 1.458333333333 0.500000000000 0.500000000000 1920.000000000000 1080.000000000000 0.074430324072 -0.035098254023 -0.996608368128 -10.203045330225 0.065158302837 0.997416012198 -0.030260439237 -17.157715571892 0.995095232845 -0.062685015561 0.076524939687 81.760675925555
4760000.000000000000 0.972222222222 1.458333333333 0.500000000000 0.500000000000 1920.000000000000 1080.000000000000 0.076931235523 -0.035448946365 -0.996406020256 -9.791232150758 0.065123922521 0.997412286642 -0.030456611276 -17.160433130650 0.994907261867 -0.062546803727 0.079040733974 81.842793871504
4800000.000000000000 0.972222222222 1.458333333333 0.500000000000 0.500000000000 1920.000000000000 1080.000000000000 0.079337181906 -0.035774515821 -0.996205699434 -9.381283613736 0.065248592355 0.997399104961 -0.030621015958 -17.144027522143 0.994710124993 -0.062571634471 0.081465071023 81.931842222165
4840000.000000000000 0.972222222222 1.458333333333 0.500000000000 0.500000000000 1920.000000000000 1080.000000000000 0.081552097748 -0.035970841592 -0.996019755782 -8.984812663896 0.065249470033 0.997397293527 -0.030678095202 -17.132956233964 0.994530925619 -0.062487898189 0.083686919926 82.019997371307
4880000.000000000000 0.972222222222 1.458333333333 0.500000000000 0.500000000000 1920.000000000000 1080.000000000000 0.083646427108 -0.036211651533 -0.995837331860 -8.594784723343 0.065319187281 0.997389543064 -0.030781539271 -17.115838922450 0.994352391763 -0.062472519400 0.085793387360 82.111153458517
4920000.000000000000 0.972222222222 1.458333333333 0.500000000000 0.500000000000 1920.000000000000 1080.000000000000 0.085182086524 -0.036410468531 -0.995699899526 -8.252286254900 0.065550022170 0.997371856455 -0.030863806402 -17.086809664259 0.994206822914 -0.062639107061 0.087344922793 82.201228990310
4960000.000000000000 0.972222222222 1.458333333333 0.500000000000 0.500000000000 1920.000000000000 1080.000000000000 0.086806159017 -0.036682272774 -0.995549647994 -7.903081619216 0.065531126478 0.997367775588 -0.031035329556 -17.079176339433 0.994067584332 -0.062545432145 0.088981496382 82.291913008691
5000000.000000000000 0.972222222222 1.458333333333 0.500000000000 0.500000000000 1920.000000000000 1080.000000000000 0.088165563904 -0.036931402652 -0.995420968656 -7.579915986332 0.065784655882 0.997346690909 -0.031176227868 -17.050565566483 0.993931190974 -0.062734756170 0.090361153027 82.388384829113
5040000.000000000000 0.972222222222 1.458333333333 0.500000000000 0.500000000000 1920.000000000000 1080.000000000000 0.089213239584 -0.037182634164 -0.995318265481 -7.286346898435 0.065952841574 0.997330253747 -0.031346254150 -17.029046795568 0.993826554571 -0.062847566997 0.091427363252 82.484666584855
5080000.000000000000 0.972222222222 1.458333333333 0.500000000000 0.500000000000 1920.000000000000 1080.000000000000 0.090534507389 -0.037344223224 -0.995192901886 -6.977711078874 0.065772497340 0.997339171069 -0.031441317486 -17.036605444778 0.993719015399 -0.062609798302 0.092749833375 82.578295222199
5120000.000000000000 0.972222222222 1.458333333333 0.500000000000 0.500000000000 1920.000000000000 1080.000000000000 0.092097543253 -0.037507747400 -0.995043321374 -6.653279876507 0.065424506748 0.997358956754 -0.031539583054 -17.060889768488 0.993598347645 -0.062195500379 0.094308235531 82.672060821805
