source:inputs/camTrack_v01.asci fps:25.0 fx:0.5 fy:0.5 cx:0.5 cy:0.5 width:1248.0 height:704.0
0.000000000000 0.500000000000 0.500000000000 0.500000000000 0.500000000000 1248.000000000000 704.000000000000 -0.213627520948 0.028567577033 -0.976497401858 -0.430742254090 0.073574713352 0.997203961726 0.013077471945 -0.123916464685 0.974140669436 -0.069051808519 -0.215132061514 0.994965840017
40000.000000000000 0.500000000000 0.500000000000 0.500000000000 0.500000000000 1248.000000000000 704.000000000000 -0.216753313308 0.028403430091 -0.975813120597 -0.435500174137 0.073047538975 0.997246297258 0.012801548906 -0.124814114963 0.973489629231 -0.068505968819 -0.218231239781 0.989473244824
80000.000000000000 0.500000000000 0.500000000000 0.500000000000 0.500000000000 1248.000000000000 704.000000000000 -0.219722829700 0.028053708359 -0.975158893492 -0.440027448608 0.072944511846 0.997260720911 0.012253681886 -0.125318297013 0.972831422344 -0.068440075800 -0.221167311609 0.984130452468
120000.000000000000 0.500000000000 0.500000000000 0.500000000000 0.500000000000 1248.000000000000 704.000000000000 -0.222407349000 0.027650875951 -0.974561645136 -0.444228662023 0.073135394810 0.997254508193 0.011604305870 -0.125536015665 0.972206863346 -0.068694067778 -0.223818989175 0.978945090680
160000.000000000000 0.500000000000 0.500000000000 0.500000000000 0.500000000000 1248.000000000000 704.000000000000 -0.224447243583 0.027086305212 -0.974109730430 -0.447717714607 0.072983457365 0.997273431759 0.010914085331 -0.126137841228 0.971749376022 -0.068644259611 -0.225812125058 0.974015834912
200000.000000000000 0.500000000000 0.500000000000 0.500000000000 0.500000000000 1248.000000000000 704.000000000000 -0.226123337906 0.026494457653 -0.973738301479 -0.450805564831 0.072866986864 0.997289364952 0.010213950236 -0.126710566592 0.971369465384 -0.068643763503 -0.227440971359 0.969254649932
240000.000000000000 0.500000000000 0.500000000000 0.500000000000 0.500000000000 1248.000000000000 704.000000000000 -0.227400857498 0.025953475394 -0.973455323641 -0.453478278892 0.072778006977 0.997302074765 0.009588189039 -0.127243604807 0.971077860786 -0.068665775927 -0.228676189199 0.964657576194
280000.000000000000 0.500000000000 0.500000000000 0.500000000000 0.500000000000 1248.000000000000 704.000000000000 -0.228592263055 0.025691303939 -0.973183196615 -0.456087545394 0.072871066396 0.997298832962 0.009211159305 -0.127536716994 0.970791112935 -0.068811297585 -0.229846949884 0.960059022998
320000.000000000000 0.500000000000 0.500000000000 0.500000000000 0.500000000000 1248.000000000000 704.000000000000 -0.229661649161 0.025171827039 -0.972944965570 -0.458496682486 0.072858496050 0.997305174570 0.008603971753 -0.128002641810 0.970539626423 -0.068911304589 -0.230876732570 0.955440692468
360000.000000000000 0.500000000000 0.500000000000 0.500000000000 0.500000000000 1248.000000000000 704.000000000000 -0.230364057482 0.024379662686 -0.972799071272 -0.460448443490 0.072637318467 0.997327970932 0.007793482062 -0.128744880278 0.970389726340 -0.068866177794 -0.231519391347 0.950978524522
400000.000000000000 0.500000000000 0.500000000000 0.500000000000 0.500000000000 1248.000000000000 704.000000000000 -0.230902539793 0.023635915032 -0.972689755594 -0.462201505584 0.072240298493 0.997362080130 0.007086634711 -0.129662888842 0.970291377057 -0.068631076331 -0.232000902952 0.946578272234
440000.000000000000 0.500000000000 0.500000000000 0.500000000000 0.500000000000 1248.000000000000 704.000000000000 -0.231522383650 0.023177388489 -0.972553440450 -0.464028510488 0.072248555238 0.997365022624 0.006569468170 -0.130132239781 0.970143047254 -0.068744602034 -0.232586860239 0.942199469523
480000.000000000000 0.500000000000 0.500000000000 0.500000000000 0.500000000000 1248.000000000000 704.000000000000 -0.232116585844 0.022739411840 -0.972422135559 -0.465771777986 0.072464181971 0.997352815607 0.006025241194 -0.130400258964 0.969984965300 -0.069067216168 -0.233149923318 0.937879406126
520000.000000000000 0.500000000000 0.500000000000 0.500000000000 0.500000000000 1248.000000000000 704.000000000000 -0.232591016980 0.022289242134 -0.972319190650 -0.467319645301 0.072766266849 0.997334097338 0.005456069598 -0.130571742995 0.969848693987 -0.069483004913 -0.233592856910 0.933698868032
560000.000000000000 0.500000000000 0.500000000000 0.500000000000 0.500000000000 1248.000000000000 704.000000000000 -0.233053929736 0.021458538271 -0.972227029541 -0.468691799169 0.072820728470 0.997334636729 0.004556740762 -0.131051217135 0.969733472321 -0.069736314188 -0.233995382741 0.929640429250
600000.000000000000 0.500000000000 0.500000000000 0.500000000000 0.500000000000 1248.000000000000 704.000000000000 -0.233309056804 0.020396442239 -0.972188700385 -0.469713786645 0.072896272613 0.997333629186 0.003430092483 -0.131533487560 0.969666446492 -0.070068660892 -0.234173792958 0.925873706556
640000.000000000000 0.500000000000 0.500000000000 0.500000000000 0.500000000000 1248.000000000000 704.000000000000 -0.233367652076 0.020034548239 -0.972182161861 -0.470579646652 0.072739137941 0.997346205990 0.003092443944 -0.132041636320 0.969664146381 -0.069994015993 -0.234205638167 0.922295775380
680000.000000000000 0.500000000000 0.500000000000 0.500000000000 0.500000000000 1248.000000000000 704.000000000000 -0.233434911486 0.019821261099 -0.972170386150 -0.471368804642 0.072539942863 0.997361243037 0.002916775195 -0.132545795542 0.969662878937 -0.069840307105 -0.234256766636 0.918712613216
720000.000000000000 0.500000000000 0.500000000000 0.500000000000 0.500000000000 1248.000000000000 704.000000000000 -0.233536663428 0.019577402853 -0.972150889591 -0.472073588660 0.072574559514 0.997359467324 0.002650707447 -0.132834997511 0.969635787369 -0.069934385220 -0.234340823625 0.915154452531
760000.000000000000 0.500000000000 0.500000000000 0.500000000000 0.500000000000 1248.000000000000 704.000000000000 -0.233662504098 0.019039977875 -0.972131325193 -0.472628371470 0.072686059448 0.997352736266 0.002063062178 -0.133127423376 0.969597117849 -0.070178335020 -0.234427878789 0.911575230014
800000.000000000000 0.500000000000 0.500000000000 0.500000000000 0.500000000000 1248.000000000000 704.000000000000 -0.233867506605 0.017975114969 -0.972102301508 -0.473039743538 0.072607367477 0.997360125957 0.000974340802 -0.133728899691 0.969553587762 -0.070353922377 -0.234555251622 0.907990729267
840000.000000000000 0.500000000000 0.500000000000 0.500000000000 0.500000000000 1248.000000000000 704.000000000000 -0.234023273242 0.016884959348 -0.972084361426 -0.473280399866 0.072252596042 0.997386363190 -0.000069912481 -0.134576270819 0.969542505487 -0.070251979833 -0.234631603548 0.904464462292
880000.000000000000 0.500000000000 0.500000000000 0.500000000000 0.500000000000 1248.000000000000 704.000000000000 -0.234162095813 0.015623530032 -0.972072023151 -0.473356255959 0.071805692084 0.997417835684 -0.001266350445 -0.135538203733 0.969542188597 -0.070096835652 -0.234679309192 0.900997972482
920000.000000000000 0.500000000000 0.500000000000 0.500000000000 0.500000000000 1248.000000000000 704.000000000000 -0.234181316364 0.013926006024 -0.972093193795 -0.473115706734 0.071329577300 0.997448602252 -0.002894351161 -0.136616532062 0.969572690657 -0.070016799574 -0.234577162804 0.897670024203
960000.000000000000 0.500000000000 0.500000000000 0.500000000000 0.500000000000 1248.000000000000 704.000000000000 -0.234252439030 0.012112724043 -0.972100342930 -0.472792250012 0.071184548812 0.997451970384 -0.004725123029 -0.137408292934 0.969566168355 -0.070305395906 -0.234517795674 0.894416802606
1000000.000000000000 0.500000000000 0.500000000000 0.500000000000 0.500000000000 1248.000000000000 704.000000000000 -0.234302310812 0.010825817310 -0.972103507260 -0.472450883388 0.071219092945 0.997442301884 -0.006057657306 -0.137887831372 0.969551580860 -0.070651653141 -0.234474041122 0.891184049114
1040000.000000000000 0.500000000000 0.500000000000 0.500000000000 0.500000000000 1248.000000000000 704.000000000000 -0.234367792766 0.009724613574 -0.972099362002 -0.472071743832 0.071138985181 0.997440620527 -0.007173096302 -0.138424911828 0.969541635259 -0.070835304856 -0.234459755789 0.887851936129
1080000.000000000000 0.500000000000 0.500000000000 0.500000000000 0.500000000000 1248.000000000000 704.000000000000 -0.234435584423 0.008531708814 -0.972094216988 -0.471589188131 0.071071623567 0.997435963365 -0.008385899498 -0.138964942899 0.969530185750 -0.071054267511 -0.234440845393 0.884472934198
1120000.000000000000 0.500000000000 0.500000000000 0.500000000000 0.500000000000 1248.000000000000 704.000000000000 -0.234541851729 0.007436906273 -0.972077575203 -0.471082457288 0.071067376527 0.997426122299 -0.009516225595 -0.139416242694 0.969504795131 -0.071314956223 -0.234466691105 0.881004824374
1160000.000000000000 0.500000000000 0.500000000000 0.500000000000 0.500000000000 1248.000000000000 704.000000000000 -0.234646600008 0.006234470125 -0.972060751438 -0.470473415070 0.071189510536 0.997404473528 -0.010787482362 -0.139778537980 0.969470487789 -0.071731775165 -0.234481397422 0.877502659314
1200000.000000000000 0.500000000000 0.500000000000 0.500000000000 0.500000000000 1248.000000000000 704.000000000000 -0.234753317908 0.005253636421 -0.972040780541 -0.469829535616 0.071232388994 0.997389800634 -0.011812381235 -0.140162333912 0.969441502356 -0.072013782685 -0.234514794019 0.873942305437
1240000.000000000000 0.500000000000 0.500000000000 0.500000000000 0.500000000000 1248.000000000000 704.000000000000 -0.234743428546 0.004317633382 -0.972047777013 -0.469019801026 0.070789749537 0.997410852869 -0.012664988707 -0.140983500909 0.969476319523 -0.071784041545 -0.234441287457 0.870291906444
1280000.000000000000 0.500000000000 0.500000000000 0.500000000000 0.500000000000 1248.000000000000 704.000000000000 -0.234455789782 0.002920434102 -0.972122396462 -0.467790643551 0.070129206833 0.997440828029 -0.013917217024 -0.142114168275 0.969593923757 -0.071437144718 -0.234060584824 0.866817471749
1320000.000000000000 0.500000000000 0.500000000000 0.500000000000 0.500000000000 1248.000000000000 704.000000000000 -0.233971662045 0.001420098499 -0.972242379595 -0.466338348342 0.069704945310 0.997450043391 -0.015317687143 -0.143046351052 0.969741451089 -0.071354006617 -0.233474032347 0.863467443100
1360000.000000000000 0.500000000000 0.500000000000 0.500000000000 0.500000000000 1248.000000000000 704.000000000000 -0.233063240727 0.000008009909 -0.972461580608 -0.464493874379 0.069724488487 0.997426454919 -0.016702177519 -0.143541838722 0.969958773107 -0.071697049901 -0.232464000457 0.860417509548
1400000.000000000000 0.500000000000 0.500000000000 0.500000000000 0.500000000000 1248.000000000000 704.000000000000 -0.232324540908 -0.001190435971 -0.972637594664 -0.462910964625 0.069822380134 0.997398855792 -0.017898538964 -0.143896439843 0.970128931083 -0.072070141715 -0.231637112202 0.857241695963
1440000.000000000000 0.500000000000 0.500000000000 0.500000000000 0.500000000000 1248.000000000000 704.000000000000 -0.230631411946 -0.002556683935 -0.973037828243 -0.460497745984 0.069796878103 0.997377128063 -0.019164034620 -0.144394113592 0.970534671009 -0.072334831050 -0.229848046731 0.854456734996
1480000.000000000000 0.500000000000 0.500000000000 0.500000000000 0.500000000000 1248.000000000000 704.000000000000 -0.228104778540 -0.004639309279 -0.973625537266 -0.457275733474 0.069708654555 0.997344559694 -0.021083944796 -0.145097435280 0.971137947713 -0.072679474802 -0.227175659909 0.852215929185
1520000.000000000000 0.500000000000 0.500000000000 0.500000000000 0.500000000000 1248.000000000000 704.000000000000 -0.225057996032 -0.006292955122 -0.974325046962 -0.453719960756 0.069645402249 0.997317388417 -0.022528752903 -0.145676702772 0.971853083736 -0.072927535798 -0.224015977454 0.850185347829
1560000.000000000000 0.500000000000 0.500000000000 0.500000000000 0.500000000000 1248.000000000000 704.000000000000 -0.220739976926 -0.007362918426 -0.975304901053 -0.449212401994 0.069472753503 0.997312811963 -0.023252776501 -0.146160917854 0.972855281688 -0.072889934330 -0.219635284884 0.848835256292
1600000.000000000000 0.500000000000 0.500000000000 0.500000000000 0.500000000000 1248.000000000000 704.000000000000 -0.215238403712 -0.008059355507 -0.976528277295 -0.443774199678 0.069427178491 0.997309402472 -0.023533436391 -0.146461749059 0.974090497056 -0.072862902292 -0.214099745481 0.847910217113
1640000.000000000000 0.500000000000 0.500000000000 0.500000000000 0.500000000000 1248.000000000000 704.000000000000 -0.209417531008 -0.008849522613 -0.977786266858 -0.438047837639 0.069294207079 0.997310715636 -0.023867327943 -0.146861511756 0.975367935998 -0.072753160944 -0.208241127063 0.847158019749
1680000.000000000000 0.500000000000 0.500000000000 0.500000000000 0.500000000000 1248.000000000000 704.000000000000 -0.203213204988 -0.009582714206 -0.979087618606 -0.432018130809 0.069067434984 0.997320938532 -0.024096368803 -0.147351362021 0.976695491309 -0.072519770775 -0.202006930830 0.846427879721
1720000.000000000000 0.500000000000 0.500000000000 0.500000000000 0.500000000000 1248.000000000000 704.000000000000 -0.196861869278 -0.010110988459 -0.980379096236 -0.425908467557 0.069070490960 0.997319304303 -0.024155176328 -0.147579533422 0.977995230920 -0.072470498669 -0.195635771575 0.845859534904
1760000.000000000000 0.500000000000 0.500000000000 0.500000000000 0.500000000000 1248.000000000000 704.000000000000 -0.190210926574 -0.010064365419 -0.981691658292 -0.419684769850 0.069142856830 0.997327068879 -0.023621664431 -0.147617784504 0.979305401170 -0.072370064459 -0.189006626892 0.845237291256
1800000.000000000000 0.500000000000 0.500000000000 0.500000000000 0.500000000000 1248.000000000000 704.000000000000 -0.183294023552 -0.010279764166 -0.983004388281 -0.413194307241 0.069109413586 0.997336579716 -0.023315996946 -0.147825554072 0.980625917404 -0.072208539720 -0.182095406058 0.844686502132
1840000.000000000000 0.500000000000 0.500000000000 0.500000000000 0.500000000000 1248.000000000000 704.000000000000 -0.177140509916 -0.010859391283 -0.984125659338 -0.407284988570 0.068934810000 0.997346381626 -0.023413394193 -0.148277467998 0.981768420615 -0.071987975928 -0.175921856529 0.843759097088
1880000.000000000000 0.500000000000 0.500000000000 0.500000000000 0.500000000000 1248.000000000000 704.000000000000 -0.170966757116 -0.011396355743 -0.985210886581 -0.401365770746 0.068701911467 0.997361380996 -0.023458965414 -0.148774485962 0.982878637128 -0.071696574348 -0.169732689558 0.842818685267
1920000.000000000000 0.500000000000 0.500000000000 0.500000000000 0.500000000000 1248.000000000000 704.000000000000 -0.164400600664 -0.011617840126 -0.986325234541 -0.395169181172 0.068451319346 0.997385654293 -0.023157579561 -0.149204478977 0.984015680455 -0.071322383598 -0.163175544175 0.842006941603
1960000.000000000000 0.500000000000 0.500000000000 0.500000000000 0.500000000000 1248.000000000000 704.000000000000 -0.158187385248 -0.011856792632 -0.987337919669 -0.389242736836 0.068671852500 0.997374609729 -0.022979654948 -0.149254791939 0.985018237305 -0.071437415517 -0.156957853711 0.841094821510
2000000.000000000000 0.500000000000 0.500000000000 0.500000000000 0.500000000000 1248.000000000000 704.000000000000 -0.152133943210 -0.011911987907 -0.988288099629 -0.383457416228 0.068933795920 0.997364470221 -0.022632837237 -0.149233351616 0.985953038995 -0.071569672945 -0.150911851129 0.840086557028
2040000.000000000000 0.500000000000 0.500000000000 0.500000000000 0.500000000000 1248.000000000000 704.000000000000 -0.145957348152 -0.011364050934 -0.989225611712 -0.377657848286 0.069102622777 0.997374529006 -0.021653554321 -0.149150521910 0.986874500656 -0.071518579655 -0.144788855643 0.839058244343
2080000.000000000000 0.500000000000 0.500000000000 0.500000000000 0.500000000000 1248.000000000000 704.000000000000 -0.140091941886 -0.010965143496 -0.990077781514 -0.372057755446 0.069146738191 0.997389009230 -0.020830095191 -0.149240142846 0.987721102547 -0.071378777632 -0.138967959212 0.837882613723
2120000.000000000000 0.500000000000 0.500000000000 0.500000000000 0.500000000000 1248.000000000000 704.000000000000 -0.135028851087 -0.011199382759 -0.990778372392 -0.366965095237 0.069171422760 0.997389981434 -0.020701188558 -0.149530086118 0.988424262980 -0.071328807365 -0.133901746039 0.836509277919
2160000.000000000000 0.500000000000 0.500000000000 0.500000000000 0.500000000000 1248.000000000000 704.000000000000 -0.130916649400 -0.011767643141 -0.991323536231 -0.362567947211 0.069352207674 0.997371216979 -0.020998257841 -0.149799118324 0.988964661755 -0.071499497317 -0.129756385904 0.834948521486
2200000.000000000000 0.500000000000 0.500000000000 0.500000000000 0.500000000000 1248.000000000000 704.000000000000 -0.127344422244 -0.012244713978 -0.991782972783 -0.358620608203 0.069427757786 0.997361095824 -0.021228070688 -0.150140167152 0.989425684209 -0.071560544408 -0.126158249481 0.833284823773
2240000.000000000000 0.500000000000 0.500000000000 0.500000000000 0.500000000000 1248.000000000000 704.000000000000 -0.124406755885 -0.012485668375 -0.992152743873 -0.355223630869 0.069882652439 0.997327505256 -0.021313426491 -0.150122525658 0.989767333255 -0.071985799613 -0.123201747860 0.831562202247
2280000.000000000000 0.500000000000 0.500000000000 0.500000000000 0.500000000000 1248.000000000000 704.000000000000 -0.122473860270 -0.012572879087 -0.992392098045 -0.352655686425 0.070369944261 0.997293110855 -0.021319521245 -0.150062998273 0.989973850410 -0.072445660691 -0.121257584306 0.829542381975
2320000.000000000000 0.500000000000 0.500000000000 0.500000000000 0.500000000000 1248.000000000000 704.000000000000 -0.120689062540 -0.012626983585 -0.992610049047 -0.350165917876 0.070237907185 0.997304397430 -0.021226758130 -0.150537223530 0.990202396774 -0.072280690035 -0.119476839892 0.827439362641
2360000.000000000000 0.500000000000 0.500000000000 0.500000000000 0.500000000000 1248.000000000000 704.000000000000 -0.118712375660 -0.012682457062 -0.992847685775 -0.347456837455 0.069781597948 0.997339469156 -0.021083449721 -0.151305309941 0.990473573829 -0.071785364436 -0.117511535603 0.825434143722
2400000.000000000000 0.500000000000 0.500000000000 0.500000000000 0.500000000000 1248.000000000000 704.000000000000 -0.116578692950 -0.012746863828 -0.993099655529 -0.344552675244 0.069172615537 0.997385292153 -0.020921956316 -0.152222826935 0.990769679396 -0.071134354983 -0.115392139816 0.823561331680
2440000.000000000000 0.500000000000 0.500000000000 0.500000000000 0.500000000000 1248.000000000000 704.000000000000 -0.114968025666 -0.012931122982 -0.993285024116 -0.341987994388 0.068860162420 0.997406218906 -0.020955011799 -0.152947191876 0.990979632034 -0.070806924424 -0.113779384545 0.821696858680
2480000.000000000000 0.500000000000 0.500000000000 0.500000000000 0.500000000000 1248.000000000000 704.000000000000 -0.113665951537 -0.013244992270 -0.993430733187 -0.339594115646 0.068617426046 0.997418848820 -0.021149204734 -0.153639355445 0.991146659332 -0.070570604346 -0.112463725255 0.819880735477
2520000.000000000000 0.500000000000 0.500000000000 0.500000000000 0.500000000000 1248.000000000000 704.000000000000 -0.112217401111 -0.013584098125 -0.993590824820 -0.337033558483 0.068535873621 0.997419600314 -0.021376972102 -0.154183913005 0.991317350254 -0.070495483454 -0.110996837332 0.818249126325
2560000.000000000000 0.500000000000 0.500000000000 0.500000000000 0.500000000000 1248.000000000000 704.000000000000 -0.111248297694 -0.013780260037 -0.993697097054 -0.334853316860 0.068923728580 0.997389199057 -0.021547743331 -0.154290672551 0.991399685242 -0.070886458773 -0.110008063631 0.816599417783
2600000.000000000000 0.500000000000 0.500000000000 0.500000000000 0.500000000000 1248.000000000000 704.000000000000 -0.110099752346 -0.013924560045 -0.993822997903 -0.332512885118 0.069236261836 0.997365458111 -0.021644468417 -0.154420647432 0.991506119285 -0.071191639914 -0.108845605451 0.815016547409
2640000.000000000000 0.500000000000 0.500000000000 0.500000000000 0.500000000000 1248.000000000000 704.000000000000 -0.108460223714 -0.014080022612 -0.994001072854 -0.329751151287 0.069268339053 0.997362332226 -0.021685835487 -0.154767795421 0.991684565311 -0.071204853902 -0.107198841897 0.813556025989
2680000.000000000000 0.500000000000 0.500000000000 0.500000000000 0.500000000000 1248.000000000000 704.000000000000 -0.106512244624 -0.014253140510 -0.994209228347 -0.326728966703 0.069331946883 0.997357038813 -0.021725981497 -0.155089405521 0.991891235412 -0.071244544466 -0.105242538915 0.812187599242
2720000.000000000000 0.500000000000 0.500000000000 0.500000000000 0.500000000000 1248.000000000000 704.000000000000 -0.104473183094 -0.014509817841 -0.994421851731 -0.323612548883 0.069542570021 0.997339479771 -0.021858477657 -0.155324881392 0.992093334807 -0.071438275993 -0.103186180054 0.810866483369
2760000.000000000000 0.500000000000 0.500000000000 0.500000000000 0.500000000000 1248.000000000000 704.000000000000 -0.102037704439 -0.014807357100 -0.994670321789 -0.320175384754 0.069253950838 0.997357514365 -0.021951738742 -0.155995363168 0.992366966987 -0.071124754595 -0.100742603291 0.809586087466
2800000.000000000000 0.500000000000 0.500000000000 0.500000000000 0.500000000000 1248.000000000000 704.000000000000 -0.099090713984 -0.015251561592 -0.994961516980 -0.316293572382 0.068688940911 0.997392653051 -0.022129731956 -0.156939881718 0.992704820074 -0.070535703789 -0.097784736500 0.808485770207
2840000.000000000000 0.500000000000 0.500000000000 0.500000000000 0.500000000000 1248.000000000000 704.000000000000 -0.096068948633 -0.015777927130 -0.995249624026 -0.312341203804 0.068451728322 0.997402489238 -0.022419530566 -0.157652189204 0.993018186137 -0.070280377607 -0.094739382123 0.807513703531
2880000.000000000000 0.500000000000 0.500000000000 0.500000000000 0.500000000000 1248.000000000000 704.000000000000 -0.092729900776 -0.016223902215 -0.995559114518 -0.308161551517 0.068636797969 0.997384637828 -0.022646725816 -0.157994470298 0.993322785134 -0.070432018447 -0.091373821803 0.806782647933
2920000.000000000000 0.500000000000 0.500000000000 0.500000000000 0.500000000000 1248.000000000000 704.000000000000 -0.088943098396 -0.016724573440 -0.995896286714 -0.303628165288 0.068620217221 0.997380501878 -0.022877942701 -0.158489448808 0.993670162094 -0.070373454632 -0.087562468255 0.806227485220
2960000.000000000000 0.500000000000 0.500000000000 0.500000000000 0.500000000000 1248.000000000000 704.000000000000 -0.084718829015 -0.017311351157 -0.996254504196 -0.298729371766 0.068363357266 0.997391989634 -0.023144554380 -0.159165979460 0.994056925630 -0.070068082143 -0.083314419347 0.805858362228
3000000.000000000000 0.500000000000 0.500000000000 0.500000000000 0.500000000000 1248.000000000000 704.000000000000 -0.080210481446 -0.017914646653 -0.996616949536 -0.293594253164 0.067981377974 0.997412131292 -0.023400269248 -0.159916947967 0.994457043273 -0.069628340404 -0.078785044885 0.805642613030
3040000.000000000000 0.500000000000 0.500000000000 0.500000000000 0.500000000000 1248.000000000000 704.000000000000 -0.075547554441 -0.018293433166 -0.996974381477 -0.288367368423 0.067700528353 0.997430490288 -0.023431933455 -0.160514090198 0.994841296629 -0.069265917649 -0.074114959176 0.805555145896
3080000.000000000000 0.500000000000 0.500000000000 0.500000000000 0.500000000000 1248.000000000000 704.000000000000 -0.070943289636 -0.018610286844 -0.997306726579 -0.283184466502 0.067507796502 0.997443950754 -0.023415006208 -0.161015433929 0.995193321454 -0.068987117115 -0.069505615637 0.805516064807
3120000.000000000000 0.500000000000 0.500000000000 0.500000000000 0.500000000000 1248.000000000000 704.000000000000 -0.066344947441 -0.018946067591 -0.997616857552 -0.277985604586 0.067383393580 0.997452147567 -0.023424166638 -0.161456635041 0.995518872859 -0.068776884459 -0.064899259976 0.805527789299
3160000.000000000000 0.500000000000 0.500000000000 0.500000000000 0.500000000000 1248.000000000000 704.000000000000 -0.061542697747 -0.019367955298 -0.997916518884 -0.272589279079 0.067169842562 0.997464729000 -0.023501630805 -0.161978253644 0.995841708608 -0.068476249224 -0.060085727822 0.805621461774
3200000.000000000000 0.500000000000 0.500000000000 0.500000000000 0.500000000000 1248.000000000000 704.000000000000 -0.056904683171 -0.019878250270 -0.998181702998 -0.267287420280 0.067095116367 0.997465326857 -0.023688965317 -0.162401658732 0.996122533824 -0.068321130584 -0.055426714884 0.805751640155
3240000.000000000000 0.500000000000 0.500000000000 0.500000000000 0.500000000000 1248.000000000000 704.000000000000 -0.052316302876 -0.020321098461 -0.998423786481 -0.262039556108 0.067124739940 0.997460243048 -0.023818749470 -0.162713403507 0.996372055881 -0.068265045929 -0.050819383733 0.805922173823
3280000.000000000000 0.500000000000 0.500000000000 0.500000000000 0.500000000000 1248.000000000000 704.000000000000 -0.047660619715 -0.020487771897 -0.998653451669 -0.256804272011 0.067052193412 0.997468816986 -0.023663526771 -0.163025385349 0.996610489954 -0.068089722744 -0.046166231920 0.806158052538
3320000.000000000000 0.500000000000 0.500000000000 0.500000000000 0.500000000000 1248.000000000000 704.000000000000 -0.043255139446 -0.020607210361 -0.998851508380 -0.251814351858 0.067095980029 0.997470108528 -0.023484293843 -0.163214379349 0.996808468250 -0.068034737263 -0.041763047663 0.806383473291
3360000.000000000000 0.500000000000 0.500000000000 0.500000000000 0.500000000000 1248.000000000000 704.000000000000 -0.038919828498 -0.020962657370 -0.999022429150 -0.246852745151 0.067129491649 0.997466417175 -0.023545232176 -0.163420551659 0.996984893717 -0.067980244213 -0.037414009356 0.806686012918
3400000.000000000000 0.500000000000 0.500000000000 0.500000000000 0.500000000000 1248.000000000000 704.000000000000 -0.034592458915 -0.021684450424 -0.999166225608 -0.241842299076 0.067112006620 0.997457455657 -0.023970872379 -0.163710185213 0.997145596367 -0.067885261766 -0.033049219074 0.807059962829
3440000.000000000000 0.500000000000 0.500000000000 0.500000000000 0.500000000000 1248.000000000000 704.000000000000 -0.030425513575 -0.022685506066 -0.999279568458 -0.236894558406 0.067237022841 0.997431476235 -0.024690746749 -0.163906999306 0.997273017224 -0.067939811819 -0.028822059031 0.807530502224
3480000.000000000000 0.500000000000 0.500000000000 0.500000000000 0.500000000000 1248.000000000000 704.000000000000 -0.026442666106 -0.023485993180 -0.999374401080 -0.232136624326 0.067287889672 0.997414795887 -0.025220326102 -0.164105914893 0.997383138675 -0.067912687103 -0.024793983499 0.807989038714
3520000.000000000000 0.500000000000 0.500000000000 0.500000000000 0.500000000000 1248.000000000000 704.000000000000 -0.022449752660 -0.023921925512 -0.999461730175 -0.227453382875 0.067096742566 0.997423615888 -0.025380260147 -0.164418469629 0.997493877546 -0.067630406976 -0.020786830196 0.808414200522
3560000.000000000000 0.500000000000 0.500000000000 0.500000000000 0.500000000000 1248.000000000000 704.000000000000 -0.018905707275 -0.024137767149 -0.999529860699 -0.223188307287 0.067144218084 0.997421016581 -0.025356846431 -0.164502033142 0.997564147416 -0.067592040064 -0.017236238268 0.808742590312
3600000.000000000000 0.500000000000 0.500000000000 0.500000000000 0.500000000000 1248.000000000000 704.000000000000 -0.015831051171 -0.024198012763 -0.999581829565 -0.219355183897 0.067284730076 0.997415239822 -0.025211197286 -0.164483024914 0.997608211132 -0.067655713345 -0.014161974943 0.808933336041
3640000.000000000000 0.500000000000 0.500000000000 0.500000000000 0.500000000000 1248.000000000000 704.000000000000 -0.012708199058 -0.024287367810 -0.999624242124 -0.215501447246 0.067231587787 0.997421915305 -0.025088572548 -0.164621702050 0.997656461554 -0.067525155562 -0.011042557943 0.809062994357
3680000.000000000000 0.500000000000 0.500000000000 0.500000000000 0.500000000000 1248.000000000000 704.000000000000 -0.009715704267 -0.024469106946 -0.999653373873 -0.211747821107 0.066939161288 0.997442161715 -0.025065568404 -0.164969295260 0.997709754276 -0.067159488076 -0.008052911570 0.809113570650
3720000.000000000000 0.500000000000 0.500000000000 0.500000000000 0.500000000000 1248.000000000000 704.000000000000 -0.006898004694 -0.024903695664 -0.999666055977 -0.208082463072 0.066786105732 0.997446268427 -0.025309241051 -0.165241130186 0.997743470844 -0.066938386175 -0.005217168190 0.809173217843
3760000.000000000000 0.500000000000 0.500000000000 0.500000000000 0.500000000000 1248.000000000000 704.000000000000 -0.004308539387 -0.025470151506 -0.999666298257 -0.204562086044 0.066855385929 0.997431600404 -0.025701359632 -0.165346744452 0.997753373264 -0.066943811490 -0.002594656528 0.809257001924
3800000.000000000000 0.500000000000 0.500000000000 0.500000000000 0.500000000000 1248.000000000000 704.000000000000 -0.001675864211 -0.026051380677 -0.999659200450 -0.200999160202 0.066917108977 0.997416975351 -0.026105129924 -0.165436413419 0.997757130771 -0.066938052310 0.000071747668 0.809363656146
3840000.000000000000 0.500000000000 0.500000000000 0.500000000000 0.500000000000 1248.000000000000 704.000000000000 0.000807717456 -0.026495625274 -0.999648602977 -0.197564236527 0.067093354582 0.997397856737 -0.026381757858 -0.165390061628 0.997746375270 -0.067048469171 0.002583296040 0.809477259603
3880000.000000000000 0.500000000000 0.500000000000 0.500000000000 0.500000000000 1248.000000000000 704.000000000000 0.003192501827 -0.026911367269 -0.999632725677 -0.194207168673 0.067223902451 0.997382306615 -0.026636091882 -0.165353197310 0.997732807354 -0.067114177066 0.004993231965 0.809538712663
3920000.000000000000 0.500000000000 0.500000000000 0.500000000000 0.500000000000 1248.000000000000 704.000000000000 0.005693335375 -0.027283591665 -0.999611520321 -0.190739742438 0.067402750516 0.997364813347 -0.026838374007 -0.165252630698 0.997709604622 -0.067223766053 0.007517321496 0.809619406509
3960000.000000000000 0.500000000000 0.500000000000 0.500000000000 0.500000000000 1248.000000000000 704.000000000000 0.008525786247 -0.027715500045 -0.999579492600 -0.186973672217 0.067105573574 0.997378264239 -0.027082097774 -0.165538488133 0.997709453180 -0.066846459007 0.010363298416 0.809648939762
4000000.000000000000 0.500000000000 0.500000000000 0.500000000000 0.500000000000 1248.000000000000 704.000000000000 0.011773482903 -0.027997797061 -0.999538647807 -0.182875385997 0.066974058446 0.997385296216 -0.027148598248 -0.165665153502 0.997685251267 -0.066623526260 0.013617824829 0.809762690064
4040000.000000000000 0.500000000000 0.500000000000 0.500000000000 0.500000000000 1248.000000000000 704.000000000000 0.015079088707 -0.028267814029 -0.999486644120 -0.178711349916 0.066863230544 0.997391337095 -0.027199799423 -0.165799118032 0.997648199259 -0.066418757723 0.016929829814 0.809859431663
4080000.000000000000 0.500000000000 0.500000000000 0.500000000000 0.500000000000 1248.000000000000 704.000000000000 0.018478618282 -0.028575990209 -0.999420808994 -0.174443494472 0.066906267029 0.997386239780 -0.027280764827 -0.165853585471 0.997588137509 -0.066363404681 0.020342232437 0.809988521256
4120000.000000000000 0.500000000000 0.500000000000 0.500000000000 0.500000000000 1248.000000000000 704.000000000000 0.022134485256 -0.029010303859 -0.999334011646 -0.169933990810 0.066830262005 0.997386044623 -0.027473515812 -0.166068699674 0.997518812175 -0.066177641698 0.024015392907 0.810140395309
4160000.000000000000 0.500000000000 0.500000000000 0.500000000000 0.500000000000 1248.000000000000 704.000000000000 0.026013689846 -0.029522252768 -0.999225562389 -0.165225510088 0.066915500050 0.997373357709 -0.027725460946 -0.166215572669 0.997419472335 -0.066142436628 0.027920857495 0.810375744964
4200000.000000000000 0.500000000000 0.500000000000 0.500000000000 0.500000000000 1248.000000000000 704.000000000000 0.029514391284 -0.029934572719 -0.999116020322 -0.160852919372 0.067092194192 0.997356622192 -0.027899922027 -0.166325316077 0.997310151450 -0.066209436840 0.031444749763 0.810570546215
4240000.000000000000 0.500000000000 0.500000000000 0.500000000000 0.500000000000 1248.000000000000 704.000000000000 0.033478573087 -0.030304843909 -0.998979880468 -0.156115825867 0.066675945878 0.997381117832 -0.028021849202 -0.166954004651 0.997212867639 -0.065669796917 0.035411500781 0.810783391292
4280000.000000000000 0.500000000000 0.500000000000 0.500000000000 0.500000000000 1248.000000000000 704.000000000000 0.037893400144 -0.030798641225 -0.998807055404 -0.150982763666 0.065862050478 0.997428548177 -0.028257416502 -0.167966463609 0.997108961214 -0.064712711110 0.039824420755 0.811046851990
4320000.000000000000 0.500000000000 0.500000000000 0.500000000000 0.500000000000 1248.000000000000 704.000000000000 0.041671776145 -0.031321273327 -0.998640296058 -0.146320955106 0.065647390317 0.997434536794 -0.028544087908 -0.168533656602 0.996972358302 -0.064368646460 0.043621028592 0.811383218288
4360000.000000000000 0.500000000000 0.500000000000 0.500000000000 0.500000000000 1248.000000000000 704.000000000000 0.044635321289 -0.031679934268 -0.998500911296 -0.142330494291 0.065894494041 0.997413774158 -0.028699804443 -0.168693310783 0.996827770354 -0.064514687357 0.046607417507 0.811743851916
4400000.000000000000 0.500000000000 0.500000000000 0.500000000000 0.500000000000 1248.000000000000 704.000000000000 0.047793624059 -0.031878353353 -0.998348406162 -0.138214569531 0.065835426361 0.997417757786 -0.028696917759 -0.169062023217 0.996685239248 -0.064355163278 0.049768934330 0.812129137747
4440000.000000000000 0.500000000000 0.500000000000 0.500000000000 0.500000000000 1248.000000000000 704.000000000000 0.051254202934 -0.032075775291 -0.998170401946 -0.133837731902 0.065731914896 0.997425168670 -0.028676615355 -0.169448399649 0.996520106192 -0.064141854849 0.053230634138 0.812612509195
4480000.000000000000 0.500000000000 0.500000000000 0.500000000000 0.500000000000 1248.000000000000 704.000000000000 0.054707932964 -0.032540461347 -0.997972023880 -0.129376160926 0.065350382214 0.997442610159 -0.028940749521 -0.170099741168 0.996361565706 -0.063634564614 0.056694555038 0.813109571188
4520000.000000000000 0.500000000000 0.500000000000 0.500000000000 0.500000000000 1248.000000000000 704.000000000000 0.058655307607 -0.033266943698 -0.997723842226 -0.124386146054 0.064711824256 0.997469215390 -0.029454102456 -0.170985962549 0.996178666049 -0.062836890494 0.060659628271 0.813711280259
4560000.000000000000 0.500000000000 0.500000000000 0.500000000000 0.500000000000 1248.000000000000 704.000000000000 0.062119883754 -0.033838838523 -0.997494888734 -0.119730871753 0.064709813188 0.997458840184 -0.029807754294 -0.171313812529 0.995968754590 -0.062696053674 0.064151732121 0.814442428040
4600000.000000000000 0.500000000000 0.500000000000 0.500000000000 0.500000000000 1248.000000000000 704.000000000000 0.065238224183 -0.034244562320 -0.997281948125 -0.115333472494 0.064998995908 0.997434339387 -0.029997818956 -0.171334556627 0.995750523292 -0.062865320828 0.067296707207 0.815215366893
4640000.000000000000 0.500000000000 0.500000000000 0.500000000000 0.500000000000 1248.000000000000 704.000000000000 0.068322921382 -0.034482442855 -0.997067169026 -0.110944961980 0.065374347405 0.997409304274 -0.030014570602 -0.171212612522 0.995519047088 -0.063131932346 0.070400184680 0.816033022575
4680000.000000000000 0.500000000000 0.500000000000 0.500000000000 0.500000000000 1248.000000000000 704.000000000000 0.071431299488 -0.034755063568 -0.996839834181 -0.106482707755 0.065337105146 0.997409381036 -0.030093011021 -0.171362807495 0.995303286513 -0.062981046177 0.073517043452 0.816812121165
4720000.000000000000 0.500000000000 0.500000000000 0.500000000000 0.500000000000 1248.000000000000 704.000000000000 0.074430324072 -0.035098254023 -0.996608368128 -0.102030453302 0.065158302837 0.997416012198 -0.030260439237 -0.171577155719 0.995095232845 -0.062685015561 0.076524939687 0.817606759256
4760000.000000000000 0.500000000000 0.500000000000 0.500000000000 0.500000000000 1248.000000000000 704.000000000000 0.076931235523 -0.035448946365 -0.996406020256 -0.097912321508 0.065123922521 0.997412286642 -0.030456611276 -0.171604331306 0.994907261867 -0.062546803727 0.079040733974 0.818427938715
4800000.000000000000 0.500000000000 0.500000000000 0.500000000000 0.500000000000 1248.000000000000 704.000000000000 0.079337181906 -0.035774515821 -0.996205699434 -0.093812836137 0.065248592355 0.997399104961 -0.030621015958 -0.171440275221 0.994710124993 -0.062571634471 0.081465071023 0.819318422222
4840000.000000000000 0.500000000000 0.500000000000 0.500000000000 0.500000000000 1248.000000000000 704.000000000000 0.081552097748 -0.035970841592 -0.996019755782 -0.089848126639 0.065249470033 0.997397293527 -0.030678095202 -0.171329562340 0.994530925619 -0.062487898189 0.083686919926 0.820199973713
4880000.000000000000 0.500000000000 0.500000000000 0.500000000000 0.500000000000 1248.000000000000 704.000000000000 0.083646427108 -0.036211651533 -0.995837331860 -0.085947847233 0.065319187281 0.997389543064 -0.030781539271 -0.171158389225 0.994352391763 -0.062472519400 0.085793387360 0.821111534585
4920000.000000000000 0.500000000000 0.500000000000 0.500000000000 0.500000000000 1248.000000000000 704.000000000000 0.085182086524 -0.036410468531 -0.995699899526 -0.082522862549 0.065550022170 0.997371856455 -0.030863806402 -0.170868096643 0.994206822914 -0.062639107061 0.087344922793 0.822012289903
4960000.000000000000 0.500000000000 0.500000000000 0.500000000000 0.500000000000 1248.000000000000 704.000000000000 0.086806159017 -0.036682272774 -0.995549647994 -0.079030816192 0.065531126478 0.997367775588 -0.031035329556 -0.170791763394 0.994067584332 -0.062545432145 0.088981496382 0.822919130087
5000000.000000000000 0.500000000000 0.500000000000 0.500000000000 0.500000000000 1248.000000000000 704.000000000000 0.088165563904 -0.036931402652 -0.995420968656 -0.075799159863 0.065784655882 0.997346690909 -0.031176227868 -0.170505655665 0.993931190974 -0.062734756170 0.090361153027 0.823883848291
5040000.000000000000 0.500000000000 0.500000000000 0.500000000000 0.500000000000 1248.000000000000 704.000000000000 0.089213239584 -0.037182634164 -0.995318265481 -0.072863468984 0.065952841574 0.997330253747 -0.031346254150 -0.170290467956 0.993826554571 -0.062847566997 0.091427363252 0.824846665849
5080000.000000000000 0.500000000000 0.500000000000 0.500000000000 0.500000000000 1248.000000000000 704.000000000000 0.090534507389 -0.037344223224 -0.995192901886 -0.069777110789 0.065772497340 0.997339171069 -0.031441317486 -0.170366054448 0.993719015399 -0.062609798302 0.092749833375 0.825782952222
5120000.000000000000 0.500000000000 0.500000000000 0.500000000000 0.500000000000 1248.000000000000 704.000000000000 0.092097543253 -0.037507747400 -0.995043321374 -0.066532798765 0.065424506748 0.997358956754 -0.031539583054 -0.170608897685 0.993598347645 -0.062195500379 0.094308235531 0.826720608218
5160000.000000000000 0.500000000000 0.500000000000 0.500000000000 0.500000000000 1248.000000000000 704.000000000000 0.093679071841 -0.037706480402 -0.994888160968 -0.063299580764 0.065030890849 0.997380325131 -0.031677598974 -0.170921160884 0.993476328220 -0.061730935333 0.095885749142 0.827664120296
5200000.000000000000 0.500000000000 0.500000000000 0.500000000000 0.500000000000 1248.000000000000 704.000000000000 0.095199177551 -0.037912107890 -0.994736039695 -0.060150877482 0.064858562603 0.997387459777 -0.031806004713 -0.171082409617 0.993343084463 -0.061489244214 0.097409390694 0.828644875486
