source:configs/../inputs/camTrack_1.7m_v02.asci fps:25.0 fx:0.9722222222222222 fy:1.4583333333333333 cx:0.5 cy:0.5 width:1920 height:1080 unit_scale:1
0.000000000000 0.972222222222 1.458333333333 0.500000000000 0.500000000000 1920.000000000000 1080.000000000000 -0.218505921601 0.125249680144 -0.967764268740 3.732300741291 -0.025955229992 0.990631962516 0.134069537475 -2.069284117418 0.975490383480 0.054413532017 -0.213208065682 1.549094077679
40000.000000000000 0.972222222222 1.458333333333 0.500000000000 0.500000000000 1920.000000000000 1080.000000000000 -0.221628982625 0.124558959406 -0.967143039934 3.702528344053 -0.026271613947 0.990685521994 0.133611372314 -2.063533753978 0.974777100860 0.055020561090 -0.216292259446 1.538679955815
80000.000000000000 0.972222222222 1.458333333333 0.500000000000 0.500000000000 1920.000000000000 1080.000000000000 -0.224587761416 0.123879339656 -0.966547591497 3.700139350750 -0.026585824946 0.990738275752 0.133157286216 -2.060665777942 0.974091130919 0.055601961897 -0.219214257061 1.517643774635
120000.000000000000 0.972222222222 1.458333333333 0.500000000000 0.500000000000 1920.000000000000 1080.000000000000 -0.227261706230 0.123214397732 -0.966007416676 3.715973465202 -0.026899150825 0.990790667172 0.132703766072 -2.059872783209 0.973462147475 0.056143263500 -0.221854414870 1.493619776180
160000.000000000000 0.972222222222 1.458333333333 0.500000000000 0.500000000000 1920.000000000000 1080.000000000000 -0.229277104551 0.122587064403 -0.965610905577 3.714464886570 -0.027209790476 0.990842712128 0.132251076084 -2.056452825246 0.972980799724 0.056596214221 -0.223841979765 1.460490840163
200000.000000000000 0.972222222222 1.458333333333 0.500000000000 0.500000000000 1920.000000000000 1080.000000000000 -0.230928004694 0.121980258940 -0.965294293507 3.715736255390 -0.027517843193 0.990894524573 0.131798366744 -2.053293366565 0.972581628941 0.056998750858 -0.225468661784 1.425887277602
240000.000000000000 0.972222222222 1.458333333333 0.500000000000 0.500000000000 1920.000000000000 1080.000000000000 -0.232185327922 0.121393944696 -0.965066569563 3.718237724009 -0.027823790705 0.990946384270 0.131343443587 -2.050443759562 0.972273526415 0.057347830767 -0.226705571475 1.394299313201
280000.000000000000 0.972222222222 1.458333333333 0.500000000000 0.500000000000 1920.000000000000 1080.000000000000 -0.233378155416 0.120805319624 -0.964852688925 3.727702203692 -0.028128061088 0.990998771636 0.130882568724 -2.049320606253 0.971979140082 0.057684567840 -0.227879445934 1.378721836382
320000.000000000000 0.972222222222 1.458333333333 0.500000000000 0.500000000000 1920.000000000000 1080.000000000000 -0.234429095707 0.120214932182 -0.964671638003 3.734655601185 -0.028432093974 0.991052155506 0.130411813499 -2.046993484661 0.971717353513 0.057999958174 -0.228913498365 1.348426032019
360000.000000000000 0.972222222222 1.458333333333 0.500000000000 0.500000000000 1920.000000000000 1080.000000000000 -0.235092158397 0.119646817298 -0.964580901828 3.733369156132 -0.028731406210 0.991105561575 0.129939494045 -2.042818658008 0.971548343294 0.058261521828 -0.229563524360 1.302591805510
400000.000000000000 0.972222222222 1.458333333333 0.500000000000 0.500000000000 1920.000000000000 1080.000000000000 -0.235593577197 0.119089648849 -0.964527512267 3.721199812105 -0.029024853974 0.991158797958 0.129467351413 -2.037609375613 0.971418151074 0.058496946647 -0.230054087114 1.259588486960
440000.000000000000 0.972222222222 1.458333333333 0.500000000000 0.500000000000 1920.000000000000 1080.000000000000 -0.236198516085 0.118529170566 -0.964448597243 3.728820470225 -0.029310637050 0.991211759035 0.128996648433 -2.035810484884 0.971262656317 0.058737419726 -0.230648581111 1.232906937275
480000.000000000000 0.972222222222 1.458333333333 0.500000000000 0.500000000000 1920.000000000000 1080.000000000000 -0.236779412464 0.117972580487 -0.964374398295 3.748353741617 -0.029588656883 0.991264523838 0.128526865535 -2.035497572160 0.971112774716 0.058967058885 -0.231220381345 1.207406974481
520000.000000000000 0.972222222222 1.458333333333 0.500000000000 0.500000000000 1920.000000000000 1080.000000000000 -0.237238953180 0.117432300659 -0.964327399723 3.773191480856 -0.029855436689 0.991316454279 0.128063813690 -2.035665022601 0.970992446929 0.059172140730 -0.231672885266 1.181248777159
560000.000000000000 0.972222222222 1.458333333333 0.500000000000 0.500000000000 1920.000000000000 1080.000000000000 -0.237656304166 0.116910516580 -0.964288033838 3.788864448810 -0.030108067500 0.991366829475 0.127613924350 -2.033317817034 0.970882580625 0.059361102833 -0.232084627041 1.133310238811
600000.000000000000 0.972222222222 1.458333333333 0.500000000000 0.500000000000 1920.000000000000 1080.000000000000 -0.237848042187 0.116424752915 -0.964299531129 3.809072583370 -0.030342626183 0.991415096089 0.127182672885 -2.030596927837 0.970828323579 0.059509529948 -0.232273506844 1.072174138014
640000.000000000000 0.972222222222 1.458333333333 0.500000000000 0.500000000000 1920.000000000000 1080.000000000000 -0.237892356116 0.115970048662 -0.964343390455 3.805793676474 -0.030558403267 0.991461371092 0.126769608434 -2.027509447507 0.970810697763 0.059626315047 -0.232317222053 1.051282237017
680000.000000000000 0.972222222222 1.458333333333 0.500000000000 0.500000000000 1920.000000000000 1080.000000000000 -0.237954139715 0.115516150193 -0.964382624500 3.797963450771 -0.030759702021 0.991508067390 0.126355027731 -2.024334175636 0.970789198603 0.059730824086 -0.232380206837 1.038940643772
720000.000000000000 0.972222222222 1.458333333333 0.500000000000 0.500000000000 1920.000000000000 1080.000000000000 -0.238046915912 0.115061276085 -0.964414106372 3.804287172317 -0.030947270281 0.991555269189 0.125938138011 -2.022659639630 0.970760491721 0.059825169362 -0.232475841377 1.024843480803
760000.000000000000 0.972222222222 1.458333333333 0.500000000000 0.500000000000 1920.000000000000 1080.000000000000 -0.238140655356 0.114601255309 -0.964445737483 3.819271323678 -0.031122194187 0.991603697631 0.125513010772 -2.020888109353 0.970731908045 0.059905418165 -0.232574511885 0.993924414494
800000.000000000000 0.972222222222 1.458333333333 0.500000000000 0.500000000000 1920.000000000000 1080.000000000000 -0.238272798126 0.114141838113 -0.964467580826 3.830524777444 -0.031282967292 0.991652396467 0.125087571476 -2.016782773626 0.970694313175 0.059976373452 -0.232713095887 0.932780299402
840000.000000000000 0.972222222222 1.458333333333 0.500000000000 0.500000000000 1920.000000000000 1080.000000000000 -0.238352377100 0.113694761225 -0.964500723484 3.825936781762 -0.031427000201 0.991700742105 0.124667484798 -2.010669533756 0.970670123157 0.060026155780 -0.232801143969 0.870250463545
880000.000000000000 0.972222222222 1.458333333333 0.500000000000 0.500000000000 1920.000000000000 1080.000000000000 -0.238401851819 0.113256356974 -0.964540074157 3.818357185985 -0.031555474696 0.991748970661 0.124250678913 -2.003549948555 0.970653804951 0.060058111846 -0.232860933038 0.797940414070
920000.000000000000 0.972222222222 1.458333333333 0.500000000000 0.500000000000 1920.000000000000 1080.000000000000 -0.238300457388 0.112834482151 -0.964614571550 3.815178639776 -0.031667737478 0.991797084243 0.123837385675 -1.995339065497 0.970675046765 0.060057666667 -0.232772486052 0.700684133105
960000.000000000000 0.972222222222 1.458333333333 0.500000000000 0.500000000000 1920.000000000000 1080.000000000000 -0.238240973736 0.112415824768 -0.964678143618 3.833075063915 -0.031765593697 0.991845158207 0.123426614631 -1.989058630050 0.970686450658 0.060048850813 -0.232727200872 0.596774882616
1000000.000000000000 0.972222222222 1.458333333333 0.500000000000 0.500000000000 1920.000000000000 1080.000000000000 -0.238195511844 0.111998933536 -0.964737859226 3.854107400554 -0.031849986085 0.991893546572 0.123015326910 -1.984854583721 0.970694842123 0.060028586150 -0.232697426546 0.523061576072
1040000.000000000000 0.972222222222 1.458333333333 0.500000000000 0.500000000000 1920.000000000000 1080.000000000000 -0.238178105703 0.111572285784 -0.964791591489 3.865824730312 -0.031925335561 0.991943332783 0.122593627471 -1.980138302915 0.970696637943 0.060000413267 -0.232697201304 0.460026897502
1080000.000000000000 0.972222222222 1.458333333333 0.500000000000 0.500000000000 1920.000000000000 1080.000000000000 -0.238155201566 0.111139189813 -0.964847231667 3.879608518674 -0.031991687056 0.991994346485 0.122162795081 -1.975194791532 0.970700073105 0.059960795778 -0.232693083360 0.391755255156
1120000.000000000000 0.972222222222 1.458333333333 0.500000000000 0.500000000000 1920.000000000000 1080.000000000000 -0.238175910915 0.110694163170 -0.964893277881 3.895777197012 -0.032050653247 0.992046786959 0.121720697131 -1.970703396789 0.970693046790 0.059916397786 -0.232733826914 0.329115531683
1160000.000000000000 0.972222222222 1.458333333333 0.500000000000 0.500000000000 1920.000000000000 1080.000000000000 -0.238184921060 0.110242165729 -0.964942800520 3.920911758483 -0.032101818122 0.992100472153 0.121268818860 -1.966736655113 0.970689145222 0.059860822328 -0.232764398690 0.260306852533
1200000.000000000000 0.972222222222 1.458333333333 0.500000000000 0.500000000000 1920.000000000000 1080.000000000000 -0.238211043907 0.109785109264 -0.964988460213 3.938288081408 -0.032143971076 0.992155002597 0.120810661556 -1.962661921864 0.970681339928 0.059796994958 -0.232813349510 0.204228337228
1240000.000000000000 0.972222222222 1.458333333333 0.500000000000 0.500000000000 1920.000000000000 1080.000000000000 -0.238129027278 0.109325333246 -0.965060898534 3.926422402271 -0.032179567860 0.992210889312 0.120341291926 -1.955566400555 0.970700284218 0.059711997461 -0.232756171946 0.150814898092
1280000.000000000000 0.972222222222 1.458333333333 0.500000000000 0.500000000000 1920.000000000000 1080.000000000000 -0.237740507196 0.108889893683 -0.965205906681 3.907944670766 -0.032203836047 0.992266558232 0.119874894616 -1.946328168621 0.970794707537 0.059582451016 -0.232395282544 0.071048979615
1320000.000000000000 0.972222222222 1.458333333333 0.500000000000 0.500000000000 1920.000000000000 1080.000000000000 -0.237146805899 0.108465783641 -0.965399692475 3.904536948864 -0.032224440787 0.992322369979 0.119406446456 -1.938415774589 0.970939224601 0.059426322606 -0.231830831240 -0.014613733951
1360000.000000000000 0.972222222222 1.458333333333 0.500000000000 0.500000000000 1920.000000000000 1080.000000000000 -0.236129931165 0.108072563986 -0.965693003248 3.925381868302 -0.032238426691 0.992377716709 0.118941797628 -1.933560412522 0.971186562640 0.059218141578 -0.230845992505 -0.095186216335
1400000.000000000000 0.972222222222 1.458333333333 0.500000000000 0.500000000000 1920.000000000000 1080.000000000000 -0.235296450109 0.107662958701 -0.965942165913 3.947927220021 -0.032261468294 0.992432894693 0.118474246967 -1.929395031100 0.971388067782 0.059039282300 -0.230042571965 -0.163557044533
1440000.000000000000 0.972222222222 1.458333333333 0.500000000000 0.500000000000 1920.000000000000 1080.000000000000 -0.233502884754 0.107304940321 -0.966417121431 3.964219847283 -0.032288990316 0.992488344874 0.118001298272 -1.924270755958 0.971819851575 0.058758276626 -0.228284123434 -0.241363162406
1480000.000000000000 0.972222222222 1.458333333333 0.500000000000 0.500000000000 1920.000000000000 1080.000000000000 -0.230831132124 0.107014737525 -0.967090913200 3.985154424596 -0.032318424186 0.992541535643 0.117544967915 -1.917516919616 0.972456943983 0.058387892378 -0.225650938671 -0.360102306676
1520000.000000000000 0.972222222222 1.458333333333 0.500000000000 0.500000000000 1920.000000000000 1080.000000000000 -0.227670907029 0.106752921331 -0.967868674914 4.000370351483 -0.032348807116 0.992594383500 0.117089472291 -1.911946150054 0.973200653910 0.057967263439 -0.222531533942 -0.454164208662
1560000.000000000000 0.972222222222 1.458333333333 0.500000000000 0.500000000000 1920.000000000000 1080.000000000000 -0.223287590759 0.106583024910 -0.968907999045 3.998915412277 -0.032374071143 0.992644734044 0.116654839134 -1.907030165264 0.974214848650 0.057415074472 -0.218194724713 -0.514502716603
1600000.000000000000 0.972222222222 1.458333333333 0.500000000000 0.500000000000 1920.000000000000 1080.000000000000 -0.217747901418 0.106466945203 -0.970180725951 3.997813876037 -0.032399105923 0.992696158231 0.116209446126 -1.904041582612 0.975467144174 0.056737351124 -0.212708071365 -0.553237225236
1640000.000000000000 0.972222222222 1.458333333333 0.500000000000 0.500000000000 1920.000000000000 1080.000000000000 -0.211885216710 0.106374231746 -0.971488125383 3.991955018543 -0.032418758494 0.992746558150 0.115772602024 -1.900494361789 0.976756714355 0.056024941785 -0.206899799082 -0.597285311645
1680000.000000000000 0.972222222222 1.458333333333 0.500000000000 0.500000000000 1920.000000000000 1080.000000000000 -0.205646193595 0.106286342641 -0.972837528279 3.978982364077 -0.032438318223 0.992798110123 0.115324186736 -1.896662133590 0.978088645559 0.055273193353 -0.200717402150 -0.637995165498
1720000.000000000000 0.972222222222 1.458333333333 0.500000000000 0.500000000000 1920.000000000000 1080.000000000000 -0.199269002178 0.106215908142 -0.974171466236 3.976432122235 -0.032450904780 0.992848019799 0.114890157805 -1.894751256778 0.979407373645 0.054506792597 -0.194397031898 -0.666965583442
1760000.000000000000 0.972222222222 1.458333333333 0.500000000000 0.500000000000 1920.000000000000 1080.000000000000 -0.192630859145 0.106139558094 -0.975514093344 3.970799992329 -0.032464827002 0.992899340805 0.114441836919 -1.894435580546 0.980734106225 0.053714925647 -0.187817250672 -0.662923292101
1800000.000000000000 0.972222222222 1.458333333333 0.500000000000 0.500000000000 1920.000000000000 1080.000000000000 -0.185711575321 0.106073202889 -0.976862163471 3.961715152039 -0.032475700430 0.992950485851 0.113994129362 -1.893131291499 0.982067482240 0.052894312323 -0.180957597383 -0.673857658262
1840000.000000000000 0.972222222222 1.458333333333 0.500000000000 0.500000000000 1920.000000000000 1080.000000000000 -0.179530455604 0.105959646903 -0.978029329181 3.949435519207 -0.032483808530 0.993001725517 0.113544596100 -1.890268755000 0.983215956794 0.052154830535 -0.174832079315 -0.705816897471
1880000.000000000000 0.972222222222 1.458333333333 0.500000000000 0.500000000000 1920.000000000000 1080.000000000000 -0.173332882464 0.105845658918 -0.979159031182 3.933088244996 -0.032486807112 0.993052544563 0.113098413344 -1.887221913761 0.984327343530 0.051413424564 -0.168690072482 -0.735323790970
1920000.000000000000 0.972222222222 1.458333333333 0.500000000000 0.500000000000 1920.000000000000 1080.000000000000 -0.166765556955 0.105749603184 -0.980309272852 3.911883878656 -0.032483306911 0.993102989237 0.112655614774 -1.884800982531 0.985461355805 0.050630763319 -0.162180276298 -0.746662730789
1960000.000000000000 0.972222222222 1.458333333333 0.500000000000 0.500000000000 1920.000000000000 1080.000000000000 -0.160536986775 0.105631883109 -0.981361187916 3.918661317575 -0.032472491522 0.993153427063 0.112213223852 -1.885312696869 0.986495521111 0.049881615688 -0.156007728157 -0.759135600139
2000000.000000000000 0.972222222222 1.458333333333 0.500000000000 0.500000000000 1920.000000000000 1080.000000000000 -0.154478402334 0.105501554647 -0.982347110333 3.926393824577 -0.032453486676 0.993203913885 0.111771000916 -1.886457638675 0.987463009137 0.049146794505 -0.150004660511 -0.761097746378
2040000.000000000000 0.972222222222 1.458333333333 0.500000000000 0.500000000000 1920.000000000000 1080.000000000000 -0.148339911466 0.105371948373 -0.983306678083 3.923487219453 -0.032425552958 0.993254398492 0.111329615972 -1.888284742221 0.988404701619 0.048398888141 -0.143922525843 -0.728419417632
2080000.000000000000 0.972222222222 1.458333333333 0.500000000000 0.500000000000 1920.000000000000 1080.000000000000 -0.142503154602 0.105224909604 -0.984185231208 3.915569419436 -0.032389552681 0.993304781078 0.110889714426 -1.889207987002 0.989264255801 0.047679453512 -0.138140877031 -0.704334022181
2120000.000000000000 0.972222222222 1.458333333333 0.500000000000 0.500000000000 1920.000000000000 1080.000000000000 -0.137421938638 0.105050758379 -0.984926164210 3.912983127232 -0.032344191827 0.993353862275 0.110462471268 -1.888904151966 0.989984375652 0.047036607739 -0.133110831627 -0.716719207374
2160000.000000000000 0.972222222222 1.458333333333 0.500000000000 0.500000000000 1920.000000000000 1080.000000000000 -0.133261586654 0.104848412886 -0.985519233621 3.923125001261 -0.032289967448 0.993401053566 0.110053190664 -1.889029276254 0.990554747364 0.046488246777 -0.128996648743 -0.748464248445
2200000.000000000000 0.972222222222 1.458333333333 0.500000000000 0.500000000000 1920.000000000000 1080.000000000000 -0.129647575356 0.104634845437 -0.986023861438 3.926998462740 -0.032228842982 0.993446503750 0.109660138003 -1.888722638709 0.991036229350 0.045995579212 -0.125425670453 -0.775063230274
2240000.000000000000 0.972222222222 1.458333333333 0.500000000000 0.500000000000 1920.000000000000 1080.000000000000 -0.126674061421 0.104406927279 -0.986434425443 3.951638633543 -0.032160420436 0.993490207298 0.109283646352 -1.891262854581 0.991422911537 0.045567549185 -0.122491668863 -0.788276671322
2280000.000000000000 0.972222222222 1.458333333333 0.500000000000 0.500000000000 1920.000000000000 1080.000000000000 -0.124711498879 0.104140345733 -0.986712638228 3.978292776372 -0.032085266472 0.993533066541 0.108915478080 -1.894238871524 0.991674128796 0.045241950451 -0.120563627171 -0.792850617962
2320000.000000000000 0.972222222222 1.458333333333 0.500000000000 0.500000000000 1920.000000000000 1080.000000000000 -0.122911360277 0.103874297828 -0.986966528189 3.969219667070 -0.032001470411 0.993575206780 0.108555121316 -1.893737632479 0.991901559333 0.044927037775 -0.118797549935 -0.795477330254
2360000.000000000000 0.972222222222 1.458333333333 0.500000000000 0.500000000000 1920.000000000000 1080.000000000000 -0.120925949672 0.103626533236 -0.987237791165 3.941208681455 -0.031907445865 0.993616487041 0.108204397226 -1.891616822332 0.992148592497 0.044584955870 -0.116847559306 -0.798110750427
2400000.000000000000 0.972222222222 1.458333333333 0.500000000000 0.500000000000 1920.000000000000 1080.000000000000 -0.118785810492 0.103398313895 -0.987521503517 3.904240535399 -0.031802417629 0.993656635842 0.107866103483 -1.888905705297 0.992410468233 0.044218533800 -0.114743992479 -0.801211478717
2440000.000000000000 0.972222222222 1.458333333333 0.500000000000 0.500000000000 1920.000000000000 1080.000000000000 -0.117151874328 0.103164967802 -0.987741073237 3.885778688692 -0.031686300505 0.993695147508 0.107545023965 -1.887976221502 0.992608390405 0.043896961600 -0.113144332870 -0.811315273055
2480000.000000000000 0.972222222222 1.458333333333 0.500000000000 0.500000000000 1920.000000000000 1080.000000000000 -0.115814810148 0.102936088716 -0.987922614070 3.872543559669 -0.031560508335 0.993731980106 0.107241251527 -1.887280130997 0.992769290452 0.043599465082 -0.111840165328 -0.828909752817
2520000.000000000000 0.972222222222 1.458333333333 0.500000000000 0.500000000000 1920.000000000000 1080.000000000000 -0.114326377901 0.102727813578 -0.988117642608 3.868489217375 -0.031426945002 0.993767458763 0.106951320852 -1.887528794312 0.992946034004 0.043280875935 -0.110385412689 -0.847933783514
2560000.000000000000 0.972222222222 1.458333333333 0.500000000000 0.500000000000 1920.000000000000 1080.000000000000 -0.113315284729 0.102508610674 -0.988256864881 3.891070306319 -0.031286714066 0.993801992948 0.106671178558 -1.890679307259 0.993066356177 0.043006784926 -0.109405798204 -0.858880886368
2600000.000000000000 0.972222222222 1.458333333333 0.500000000000 0.500000000000 1920.000000000000 1080.000000000000 -0.112130152378 0.102299730872 -0.988413675538 3.908734610069 -0.031142268463 0.993836254538 0.106393882724 -1.893347731399 0.993205410800 0.042711406318 -0.108253164977 -0.866799221544
2640000.000000000000 0.972222222222 1.458333333333 0.500000000000 0.500000000000 1920.000000000000 1080.000000000000 -0.110460577653 0.102112023238 -0.988621057582 3.909680490310 -0.030994148766 0.993870459600 0.106117257202 -1.894352054791 0.993397112703 0.042363241661 -0.106618629841 -0.875231575454
2680000.000000000000 0.972222222222 1.458333333333 0.500000000000 0.500000000000 1920.000000000000 1080.000000000000 -0.108481471775 0.101935560855 -0.988858388100 3.912119179137 -0.030844252799 0.993904741156 0.105839489683 -1.895555175481 0.993619848006 0.041982221718 -0.104676122916 -0.884623564517
2720000.000000000000 0.972222222222 1.458333333333 0.500000000000 0.500000000000 1920.000000000000 1080.000000000000 -0.106402473294 0.101762057744 -0.989102116710 3.923360638674 -0.030693057115 0.993938986041 0.105561490485 -1.897602014227 0.993849309464 0.041590571433 -0.102634177768 -0.898814530450
2760000.000000000000 0.972222222222 1.458333333333 0.500000000000 0.500000000000 1920.000000000000 1080.000000000000 -0.103936388044 0.101603156186 -0.989380627410 3.905575031583 -0.030541668101 0.993973161234 0.105283242998 -1.896870044229 0.994114899672 0.041160094746 -0.100206850317 -0.915231460270
2800000.000000000000 0.972222222222 1.458333333333 0.500000000000 0.500000000000 1920.000000000000 1080.000000000000 -0.100956494848 0.101472281644 -0.989702562493 3.871996511484 -0.030387789344 0.994006431711 0.105013313325 -1.894581953978 0.994426653106 0.040676649007 -0.097267886884 -0.939951392622
2840000.000000000000 0.972222222222 1.458333333333 0.500000000000 0.500000000000 1920.000000000000 1080.000000000000 -0.097889522789 0.101351212297 -0.990023016447 3.857467931294 -0.030232770016 0.994038771672 0.104751611110 -1.894295024165 0.994737965972 0.040185223390 -0.094241853101 -0.969417311720
2880000.000000000000 0.972222222222 1.458333333333 0.500000000000 0.500000000000 1920.000000000000 1080.000000000000 -0.094502589049 0.101253018089 -0.990362098927 3.866127251673 -0.030076490678 0.994069779158 0.104502052008 -1.896745796525 0.995070181129 0.039662330912 -0.090896832371 -0.994262706446
2920000.000000000000 0.972222222222 1.458333333333 0.500000000000 0.500000000000 1920.000000000000 1080.000000000000 -0.090670345025 0.101181392567 -0.990727618638 3.862738207673 -0.029919762912 0.994099506899 0.104263983098 -1.897953491244 0.995431412163 0.039095986781 -0.087108022003 -1.022144202013
2960000.000000000000 0.972222222222 1.458333333333 0.500000000000 0.500000000000 1920.000000000000 1080.000000000000 -0.086401799046 0.101138453459 -0.991113385216 3.845215949593 -0.029760610877 0.994127700732 0.104040476147 -1.897603664218 0.995815763664 0.038485424105 -0.082884479667 -1.054857746595
3000000.000000000000 0.972222222222 1.458333333333 0.500000000000 0.500000000000 1920.000000000000 1080.000000000000 -0.081852037895 0.101117900695 -0.991501595587 3.819984047172 -0.029598093245 0.994154361923 0.103831871529 -1.896477382805 0.996204896981 0.037845406962 -0.078380663452 -1.088448465484
3040000.000000000000 0.972222222222 1.458333333333 0.500000000000 0.500000000000 1920.000000000000 1080.000000000000 -0.077161072195 0.101112357329 -0.991878248644 3.799101139590 -0.029431204451 0.994179701430 0.103636506448 -1.896327605278 0.996584152564 0.037188875482 -0.073736113256 -1.109130889052
3080000.000000000000 0.972222222222 1.458333333333 0.500000000000 0.500000000000 1920.000000000000 1080.000000000000 -0.072530594371 0.101111414870 -0.992227692953 3.782977979474 -0.029260447713 0.994203988277 0.103451708028 -1.896798422030 0.996936878182 0.036536440401 -0.069151640928 -1.126273094395
3120000.000000000000 0.972222222222 1.458333333333 0.500000000000 0.500000000000 1920.000000000000 1080.000000000000 -0.067902971345 0.101115667645 -0.992554687783 3.770767722829 -0.029085991658 0.994227383957 0.103275912390 -1.897646185105 0.997267863501 0.035882178689 -0.064569944098 -1.144504181125
3160000.000000000000 0.972222222222 1.458333333333 0.500000000000 0.500000000000 1920.000000000000 1080.000000000000 -0.063068157841 0.101132212423 -0.992871936897 3.753383691232 -0.028907932720 0.994249918554 0.103108830278 -1.897875442137 0.997590466520 0.035204759134 -0.059781987605 -1.167626338269
