source:inputs/camTrack_v01.asci fps:25.0 fx:0.5 fy:0.5 cx:0.5 cy:0.5 width:1248.0 height:704.0
0.000000000000 0.500000000000 0.500000000000 0.500000000000 0.500000000000 1248.000000000000 704.000000000000 -0.213627520948 0.028567577033 -0.976497401858 -1.052137971000 0.073574713352 0.997203961726 0.013077471945 0.204579442700 0.974140669436 -0.069051808519 -0.215132061514 -0.204949125600
40000.000000000000 0.500000000000 0.500000000000 0.500000000000 0.500000000000 1248.000000000000 704.000000000000 -0.216753313308 0.028403430091 -0.975813120597 -1.048520684000 0.073047538975 0.997246297258 0.012801548906 0.204624936000 0.973489629231 -0.068505968819 -0.218231239781 -0.207434997000
80000.000000000000 0.500000000000 0.500000000000 0.500000000000 0.500000000000 1248.000000000000 704.000000000000 -0.219722829700 0.028053708359 -0.975158893492 -1.044935822000 0.072944511846 0.997260720911 0.012253681886 0.204673379700 0.972831422344 -0.068440075800 -0.221167311609 -0.209903582900
120000.000000000000 0.500000000000 0.500000000000 0.500000000000 0.500000000000 1248.000000000000 704.000000000000 -0.222407349000 0.027650875951 -0.974561645136 -1.041355729000 0.073135394810 0.997254508193 0.011604305870 0.204722389600 0.972206863346 -0.068694067778 -0.223818989175 -0.212364956700
160000.000000000000 0.500000000000 0.500000000000 0.500000000000 0.500000000000 1248.000000000000 704.000000000000 -0.224447243583 0.027086305212 -0.974109730430 -1.037782311000 0.072983457365 0.997273431759 0.010914085331 0.204781532300 0.971749376022 -0.068644259611 -0.225812125058 -0.214804917600
200000.000000000000 0.500000000000 0.500000000000 0.500000000000 0.500000000000 1248.000000000000 704.000000000000 -0.226123337906 0.026494457653 -0.973738301479 -1.034209013000 0.072866986864 0.997289364952 0.010213950236 0.204844236400 0.971369465384 -0.068643763503 -0.227440971359 -0.217224210500
240000.000000000000 0.500000000000 0.500000000000 0.500000000000 0.500000000000 1248.000000000000 704.000000000000 -0.227400857498 0.025953475394 -0.973455323641 -1.030618429000 0.072778006977 0.997302074765 0.009588189039 0.204908609400 0.971077860786 -0.068665775927 -0.228676189199 -0.219626590600
280000.000000000000 0.500000000000 0.500000000000 0.500000000000 0.500000000000 1248.000000000000 704.000000000000 -0.228592263055 0.025691303939 -0.973183196615 -1.026981115000 0.072871066396 0.997298832962 0.009211159305 0.204972609900 0.970791112935 -0.068811297585 -0.229846949884 -0.222015336200
320000.000000000000 0.500000000000 0.500000000000 0.500000000000 0.500000000000 1248.000000000000 704.000000000000 -0.229661649161 0.025171827039 -0.972944965570 -1.023266077000 0.072858496050 0.997305174570 0.008603971753 0.205039560800 0.970539626423 -0.068911304589 -0.230876732570 -0.224401682600
360000.000000000000 0.500000000000 0.500000000000 0.500000000000 0.500000000000 1248.000000000000 704.000000000000 -0.230364057482 0.024379662686 -0.972799071272 -1.019538879000 0.072637318467 0.997327970932 0.007793482062 0.205116704100 0.970389726340 -0.068866177794 -0.231519391347 -0.226750478100
400000.000000000000 0.500000000000 0.500000000000 0.500000000000 0.500000000000 1248.000000000000 704.000000000000 -0.230902539793 0.023635915032 -0.972689755594 -1.015813351000 0.072240298493 0.997362080130 0.007086634711 0.205210089700 0.970291377057 -0.068631076331 -0.232000902952 -0.229052782100
440000.000000000000 0.500000000000 0.500000000000 0.500000000000 0.500000000000 1248.000000000000 704.000000000000 -0.231522383650 0.023177388489 -0.972553440450 -1.012099385000 0.072248555238 0.997365022624 0.006569468170 0.205315440900 0.970143047254 -0.068744602034 -0.232586860239 -0.231294408400
480000.000000000000 0.500000000000 0.500000000000 0.500000000000 0.500000000000 1248.000000000000 704.000000000000 -0.232116585844 0.022739411840 -0.972422135559 -1.008392930000 0.072464181971 0.997352815607 0.006025241194 0.205423161400 0.969984965300 -0.069067216168 -0.233149923318 -0.233474582400
520000.000000000000 0.500000000000 0.500000000000 0.500000000000 0.500000000000 1248.000000000000 704.000000000000 -0.232591016980 0.022289242134 -0.972319190650 -1.004739761000 0.072766266849 0.997334097338 0.005456069598 0.205516055200 0.969848693987 -0.069483004913 -0.233592856910 -0.235566064700
560000.000000000000 0.500000000000 0.500000000000 0.500000000000 0.500000000000 1248.000000000000 704.000000000000 -0.233053929736 0.021458538271 -0.972227029541 -1.001190662000 0.072820728470 0.997334636729 0.004556740762 0.205589056000 0.969733472321 -0.069736314188 -0.233995382741 -0.237546101200
600000.000000000000 0.500000000000 0.500000000000 0.500000000000 0.500000000000 1248.000000000000 704.000000000000 -0.233309056804 0.020396442239 -0.972188700385 -0.997788846500 0.072896272613 0.997333629186 0.003430092483 0.205637991400 0.969666446492 -0.070068660892 -0.234173792958 -0.239383906100
640000.000000000000 0.500000000000 0.500000000000 0.500000000000 0.500000000000 1248.000000000000 704.000000000000 -0.233367652076 0.020034548239 -0.972182161861 -0.994530618200 0.072739137941 0.997346205990 0.003092443944 0.205674260900 0.969664146381 -0.069994015993 -0.234205638167 -0.241073936200
680000.000000000000 0.500000000000 0.500000000000 0.500000000000 0.500000000000 1248.000000000000 704.000000000000 -0.233434911486 0.019821261099 -0.972170386150 -0.991260588200 0.072539942863 0.997361243037 0.002916775195 0.205702334600 0.969662878937 -0.069840307105 -0.234256766636 -0.242649540300
720000.000000000000 0.500000000000 0.500000000000 0.500000000000 0.500000000000 1248.000000000000 704.000000000000 -0.233536663428 0.019577402853 -0.972150889591 -0.987972557500 0.072574559514 0.997359467324 0.002650707447 0.205726981200 0.969635787369 -0.069934385220 -0.234340823625 -0.244116604300
760000.000000000000 0.500000000000 0.500000000000 0.500000000000 0.500000000000 1248.000000000000 704.000000000000 -0.233662504098 0.019039977875 -0.972131325193 -0.984619736700 0.072686059448 0.997352736266 0.002063062178 0.205746665600 0.969597117849 -0.070178335020 -0.234427878789 -0.245483547400
800000.000000000000 0.500000000000 0.500000000000 0.500000000000 0.500000000000 1248.000000000000 704.000000000000 -0.233867506605 0.017975114969 -0.972102301508 -0.981264591200 0.072607367477 0.997360125957 0.000974340802 0.205759525300 0.969553587762 -0.070353922377 -0.234555251622 -0.246738731900
840000.000000000000 0.500000000000 0.500000000000 0.500000000000 0.500000000000 1248.000000000000 704.000000000000 -0.234023273242 0.016884959348 -0.972084361426 -0.977951884300 0.072252596042 0.997386363190 -0.000069912481 0.205756276800 0.969542505487 -0.070251979833 -0.234631603548 -0.247861936700
880000.000000000000 0.500000000000 0.500000000000 0.500000000000 0.500000000000 1248.000000000000 704.000000000000 -0.234162095813 0.015623530032 -0.972072023151 -0.974665224600 0.071805692084 0.997417835684 -0.001266350445 0.205740824300 0.969542188597 -0.070096835652 -0.234679309192 -0.248862430500
920000.000000000000 0.500000000000 0.500000000000 0.500000000000 0.500000000000 1248.000000000000 704.000000000000 -0.234181316364 0.013926006024 -0.972093193795 -0.971406400200 0.071329577300 0.997448602252 -0.002894351161 0.205708563300 0.969572690657 -0.070016799574 -0.234577162804 -0.249735087200
960000.000000000000 0.500000000000 0.500000000000 0.500000000000 0.500000000000 1248.000000000000 704.000000000000 -0.234252439030 0.012112724043 -0.972100342930 -0.968167662600 0.071184548812 0.997451970384 -0.004725123029 0.205667302000 0.969566168355 -0.070305395906 -0.234517795674 -0.250494122500
1000000.000000000000 0.500000000000 0.500000000000 0.500000000000 0.500000000000 1248.000000000000 704.000000000000 -0.234302310812 0.010825817310 -0.972103507260 -0.964924991100 0.071219092945 0.997442301884 -0.006057657306 0.205613449200 0.969551580860 -0.070651653141 -0.234474041122 -0.251146912600
1040000.000000000000 0.500000000000 0.500000000000 0.500000000000 0.500000000000 1248.000000000000 704.000000000000 -0.234367792766 0.009724613574 -0.972099362002 -0.961600422900 0.071138985181 0.997440620527 -0.007173096302 0.205552607800 0.969541635259 -0.070835304856 -0.234459755789 -0.251728028100
1080000.000000000000 0.500000000000 0.500000000000 0.500000000000 0.500000000000 1248.000000000000 704.000000000000 -0.234435584423 0.008531708814 -0.972094216988 -0.958204031000 0.071071623567 0.997435963365 -0.008385899498 0.205477669800 0.969530185750 -0.071054267511 -0.234440845393 -0.252237886200
1120000.000000000000 0.500000000000 0.500000000000 0.500000000000 0.500000000000 1248.000000000000 704.000000000000 -0.234541851729 0.007436906273 -0.972077575203 -0.954719007000 0.071067376527 0.997426122299 -0.009516225595 0.205389618900 0.969504795131 -0.071314956223 -0.234466691105 -0.252689123200
1160000.000000000000 0.500000000000 0.500000000000 0.500000000000 0.500000000000 1248.000000000000 704.000000000000 -0.234646600008 0.006234470125 -0.972060751438 -0.951157152700 0.071189510536 0.997404473528 -0.010787482362 0.205293715000 0.969470487789 -0.071731775165 -0.234481397422 -0.253078550100
1200000.000000000000 0.500000000000 0.500000000000 0.500000000000 0.500000000000 1248.000000000000 704.000000000000 -0.234753317908 0.005253636421 -0.972040780541 -0.947545886000 0.071232388994 0.997389800634 -0.011812381235 0.205200687100 0.969441502356 -0.072013782685 -0.234514794019 -0.253396719700
1240000.000000000000 0.500000000000 0.500000000000 0.500000000000 0.500000000000 1248.000000000000 704.000000000000 -0.234743428546 0.004317633382 -0.972047777013 -0.943846523800 0.070789749537 0.997410852869 -0.012664988707 0.205116599800 0.969476319523 -0.071784041545 -0.234441287457 -0.253662854400
1280000.000000000000 0.500000000000 0.500000000000 0.500000000000 0.500000000000 1248.000000000000 704.000000000000 -0.234455789782 0.002920434102 -0.972122396462 -0.940170824500 0.070129206833 0.997440828029 -0.013917217024 0.205039590600 0.969593923757 -0.071437144718 -0.234060584824 -0.253839790800
1320000.000000000000 0.500000000000 0.500000000000 0.500000000000 0.500000000000 1248.000000000000 704.000000000000 -0.233971662045 0.001420098499 -0.972242379595 -0.936479091600 0.069704945310 0.997450043391 -0.015317687143 0.204955697100 0.969741451089 -0.071354006617 -0.233474032347 -0.253987819000
1360000.000000000000 0.500000000000 0.500000000000 0.500000000000 0.500000000000 1248.000000000000 704.000000000000 -0.233063240727 0.000008009909 -0.972461580608 -0.932817578300 0.069724488487 0.997426454919 -0.016702177519 0.204865545000 0.969958773107 -0.071697049901 -0.232464000457 -0.254083812200
1400000.000000000000 0.500000000000 0.500000000000 0.500000000000 0.500000000000 1248.000000000000 704.000000000000 -0.232324540908 -0.001190435971 -0.972637594664 -0.929133355600 0.069822380134 0.997398855792 -0.017898538964 0.204752609100 0.970128931083 -0.072070141715 -0.231637112202 -0.254251152300
1440000.000000000000 0.500000000000 0.500000000000 0.500000000000 0.500000000000 1248.000000000000 704.000000000000 -0.230631411946 -0.002556683935 -0.973037828243 -0.925406873200 0.069796878103 0.997377128063 -0.019164034620 0.204645022700 0.970534671009 -0.072334831050 -0.229848046731 -0.254453688900
1480000.000000000000 0.500000000000 0.500000000000 0.500000000000 0.500000000000 1248.000000000000 704.000000000000 -0.228104778540 -0.004639309279 -0.973625537266 -0.921811461400 0.069708654555 0.997344559694 -0.021083944796 0.204529300300 0.971137947713 -0.072679474802 -0.227175659909 -0.254671841900
1520000.000000000000 0.500000000000 0.500000000000 0.500000000000 0.500000000000 1248.000000000000 704.000000000000 -0.225057996032 -0.006292955122 -0.974325046962 -0.918222844600 0.069645402249 0.997317388417 -0.022528752903 0.204432591800 0.971853083736 -0.072927535798 -0.224015977454 -0.254897534800
1560000.000000000000 0.500000000000 0.500000000000 0.500000000000 0.500000000000 1248.000000000000 704.000000000000 -0.220739976926 -0.007362918426 -0.975304901053 -0.914798796200 0.069472753503 0.997312811963 -0.023252776501 0.204332187800 0.972855281688 -0.072889934330 -0.219635284884 -0.255083531100
1600000.000000000000 0.500000000000 0.500000000000 0.500000000000 0.500000000000 1248.000000000000 704.000000000000 -0.215238403712 -0.008059355507 -0.976528277295 -0.911290109200 0.069427178491 0.997309402472 -0.023533436391 0.204272344700 0.974090497056 -0.072862902292 -0.214099745481 -0.255267441300
1640000.000000000000 0.500000000000 0.500000000000 0.500000000000 0.500000000000 1248.000000000000 704.000000000000 -0.209417531008 -0.008849522613 -0.977786266858 -0.907849013800 0.069294207079 0.997310715636 -0.023867327943 0.204223468900 0.975367935998 -0.072753160944 -0.208241127063 -0.255409210900
1680000.000000000000 0.500000000000 0.500000000000 0.500000000000 0.500000000000 1248.000000000000 704.000000000000 -0.203213204988 -0.009582714206 -0.979087618606 -0.904316902200 0.069067434984 0.997320938532 -0.024096368803 0.204199448200 0.976695491309 -0.072519770775 -0.202006930830 -0.255549937500
1720000.000000000000 0.500000000000 0.500000000000 0.500000000000 0.500000000000 1248.000000000000 704.000000000000 -0.196861869278 -0.010110988459 -0.980379096236 -0.900898337400 0.069070490960 0.997319304303 -0.024155176328 0.204177424300 0.977995230920 -0.072470498669 -0.195635771575 -0.255636185400
1760000.000000000000 0.500000000000 0.500000000000 0.500000000000 0.500000000000 1248.000000000000 704.000000000000 -0.190210926574 -0.010064365419 -0.981691658292 -0.897367358200 0.069142856830 0.997327068879 -0.023621664431 0.204169228700 0.979305401170 -0.072370064459 -0.189006626892 -0.255732566100
1800000.000000000000 0.500000000000 0.500000000000 0.500000000000 0.500000000000 1248.000000000000 704.000000000000 -0.183294023552 -0.010279764166 -0.983004388281 -0.893841385800 0.069109413586 0.997336579716 -0.023315996946 0.204177871300 0.980625917404 -0.072208539720 -0.182095406058 -0.255804985800
1840000.000000000000 0.500000000000 0.500000000000 0.500000000000 0.500000000000 1248.000000000000 704.000000000000 -0.177140509916 -0.010859391283 -0.984125659338 -0.890301227600 0.068934810000 0.997346381626 -0.023413394193 0.204201638700 0.981768420615 -0.071987975928 -0.175921856529 -0.255855619900
1880000.000000000000 0.500000000000 0.500000000000 0.500000000000 0.500000000000 1248.000000000000 704.000000000000 -0.170966757116 -0.011396355743 -0.985210886581 -0.886787593400 0.068701911467 0.997361380996 -0.023458965414 0.204235032200 0.982878637128 -0.071696574348 -0.169732689558 -0.255866140100
1920000.000000000000 0.500000000000 0.500000000000 0.500000000000 0.500000000000 1248.000000000000 704.000000000000 -0.164400600664 -0.011617840126 -0.986325234541 -0.883300840900 0.068451319346 0.997385654293 -0.023157579561 0.204277336600 0.984015680455 -0.071322383598 -0.163175544175 -0.255825609000
1960000.000000000000 0.500000000000 0.500000000000 0.500000000000 0.500000000000 1248.000000000000 704.000000000000 -0.158187385248 -0.011856792632 -0.987337919669 -0.879817426200 0.068671852500 0.997374609729 -0.022979654948 0.204333409700 0.985018237305 -0.071437415517 -0.156957853711 -0.255727499700
2000000.000000000000 0.500000000000 0.500000000000 0.500000000000 0.500000000000 1248.000000000000 704.000000000000 -0.152133943210 -0.011911987907 -0.988288099629 -0.876335561300 0.068933795920 0.997364470221 -0.022632837237 0.204397022700 0.985953038995 -0.071569672945 -0.150911851129 -0.255564957900
2040000.000000000000 0.500000000000 0.500000000000 0.500000000000 0.500000000000 1248.000000000000 704.000000000000 -0.145957348152 -0.011364050934 -0.989225611712 -0.872860431700 0.069102622777 0.997374529006 -0.021653554321 0.204475462400 0.986874500656 -0.071518579655 -0.144788855643 -0.255332171900
2080000.000000000000 0.500000000000 0.500000000000 0.500000000000 0.500000000000 1248.000000000000 704.000000000000 -0.140091941886 -0.010965143496 -0.990077781514 -0.869397163400 0.069146738191 0.997389009230 -0.020830095191 0.204577848300 0.987721102547 -0.071378777632 -0.138967959212 -0.255035966600
2120000.000000000000 0.500000000000 0.500000000000 0.500000000000 0.500000000000 1248.000000000000 704.000000000000 -0.135028851087 -0.011199382759 -0.990778372392 -0.866033732900 0.069171422760 0.997389981434 -0.020701188558 0.204697236400 0.988424262980 -0.071328807365 -0.133901746039 -0.254666477400
2160000.000000000000 0.500000000000 0.500000000000 0.500000000000 0.500000000000 1248.000000000000 704.000000000000 -0.130916649400 -0.011767643141 -0.991323536231 -0.862811863400 0.069352207674 0.997371216979 -0.020998257841 0.204837158300 0.988964661755 -0.071499497317 -0.129756385904 -0.254227757500
2200000.000000000000 0.500000000000 0.500000000000 0.500000000000 0.500000000000 1248.000000000000 704.000000000000 -0.127344422244 -0.012244713978 -0.991782972783 -0.859717845900 0.069427757786 0.997361095824 -0.021228070688 0.204983070500 0.989425684209 -0.071560544408 -0.126158249481 -0.253735244300
2240000.000000000000 0.500000000000 0.500000000000 0.500000000000 0.500000000000 1248.000000000000 704.000000000000 -0.124406755885 -0.012485668375 -0.992152743873 -0.856754362600 0.069882652439 0.997327505256 -0.021313426491 0.205146789600 0.989767333255 -0.071985799613 -0.123201747860 -0.253185808700
2280000.000000000000 0.500000000000 0.500000000000 0.500000000000 0.500000000000 1248.000000000000 704.000000000000 -0.122473860270 -0.012572879087 -0.992392098045 -0.853856444400 0.070369944261 0.997293110855 -0.021319521245 0.205319643000 0.989973850410 -0.072445660691 -0.121257584306 -0.252583682500
2320000.000000000000 0.500000000000 0.500000000000 0.500000000000 0.500000000000 1248.000000000000 704.000000000000 -0.120689062540 -0.012626983585 -0.992610049047 -0.851020216900 0.070237907185 0.997304397430 -0.021226758130 0.205517783800 0.990202396774 -0.072280690035 -0.119476839892 -0.251913785900
2360000.000000000000 0.500000000000 0.500000000000 0.500000000000 0.500000000000 1248.000000000000 704.000000000000 -0.118712375660 -0.012682457062 -0.992847685775 -0.848259806600 0.069781597948 0.997339469156 -0.021083449721 0.205750241900 0.990473573829 -0.071785364436 -0.117511535603 -0.251163721100
2400000.000000000000 0.500000000000 0.500000000000 0.500000000000 0.500000000000 1248.000000000000 704.000000000000 -0.116578692950 -0.012746863828 -0.993099655529 -0.845597446000 0.069172615537 0.997385292153 -0.020921956316 0.206016346800 0.990769679396 -0.071134354983 -0.115392139816 -0.250327438100
2440000.000000000000 0.500000000000 0.500000000000 0.500000000000 0.500000000000 1248.000000000000 704.000000000000 -0.114968025666 -0.012931122982 -0.993285024116 -0.843070566700 0.068860162420 0.997406218906 -0.020955011799 0.206310018900 0.990979632034 -0.070806924424 -0.113779384545 -0.249404400600
2480000.000000000000 0.500000000000 0.500000000000 0.500000000000 0.500000000000 1248.000000000000 704.000000000000 -0.113665951537 -0.013244992270 -0.993430733187 -0.840680003200 0.068617426046 0.997418848820 -0.021149204734 0.206604346600 0.991146659332 -0.070570604346 -0.112463725255 -0.248405739700
2520000.000000000000 0.500000000000 0.500000000000 0.500000000000 0.500000000000 1248.000000000000 704.000000000000 -0.112217401111 -0.013584098125 -0.993590824820 -0.838398456600 0.068535873621 0.997419600314 -0.021376972102 0.206890627700 0.991317350254 -0.070495483454 -0.110996837332 -0.247346371400
2560000.000000000000 0.500000000000 0.500000000000 0.500000000000 0.500000000000 1248.000000000000 704.000000000000 -0.111248297694 -0.013780260037 -0.993697097054 -0.836193978800 0.068923728580 0.997389199057 -0.021547743331 0.207159325500 0.991399685242 -0.070886458773 -0.110008063631 -0.246234864000
2600000.000000000000 0.500000000000 0.500000000000 0.500000000000 0.500000000000 1248.000000000000 704.000000000000 -0.110099752346 -0.013924560045 -0.993822997903 -0.834011972000 0.069236261836 0.997365458111 -0.021644468417 0.207406088700 0.991506119285 -0.071191639914 -0.108845605451 -0.245090335600
2640000.000000000000 0.500000000000 0.500000000000 0.500000000000 0.500000000000 1248.000000000000 704.000000000000 -0.108460223714 -0.014080022612 -0.994001072854 -0.831835329500 0.069268339053 0.997362332226 -0.021685835487 0.207645803700 0.991684565311 -0.071204853902 -0.107198841897 -0.243917003300
2680000.000000000000 0.500000000000 0.500000000000 0.500000000000 0.500000000000 1248.000000000000 704.000000000000 -0.106512244624 -0.014253140510 -0.994209228347 -0.829649746400 0.069331946883 0.997357038813 -0.021725981497 0.207886531900 0.991891235412 -0.071244544466 -0.105242538915 -0.242729738400
2720000.000000000000 0.500000000000 0.500000000000 0.500000000000 0.500000000000 1248.000000000000 704.000000000000 -0.104473183094 -0.014509817841 -0.994421851731 -0.827462375200 0.069542570021 0.997339479771 -0.021858477657 0.208142980900 0.992093334807 -0.071438275993 -0.103186180054 -0.241532340600
2760000.000000000000 0.500000000000 0.500000000000 0.500000000000 0.500000000000 1248.000000000000 704.000000000000 -0.102037704439 -0.014807357100 -0.994670321789 -0.825273156200 0.069253950838 0.997357514365 -0.021951738742 0.208423808200 0.992366966987 -0.071124754595 -0.100742603291 -0.240333512400
2800000.000000000000 0.500000000000 0.500000000000 0.500000000000 0.500000000000 1248.000000000000 704.000000000000 -0.099090713984 -0.015251561592 -0.994961516980 -0.823149442700 0.068688940911 0.997392653051 -0.022129731956 0.208733826900 0.992704820074 -0.070535703789 -0.097784736500 -0.239115402100
2840000.000000000000 0.500000000000 0.500000000000 0.500000000000 0.500000000000 1248.000000000000 704.000000000000 -0.096068948633 -0.015777927130 -0.995249624026 -0.821090519400 0.068451728322 0.997402489238 -0.022419530566 0.209066957200 0.993018186137 -0.070280377607 -0.094739382123 -0.237888604400
2880000.000000000000 0.500000000000 0.500000000000 0.500000000000 0.500000000000 1248.000000000000 704.000000000000 -0.092729900776 -0.016223902215 -0.995559114518 -0.819127142400 0.068636797969 0.997384637828 -0.022646725816 0.209405005000 0.993322785134 -0.070432018447 -0.091373821803 -0.236652284900
2920000.000000000000 0.500000000000 0.500000000000 0.500000000000 0.500000000000 1248.000000000000 704.000000000000 -0.088943098396 -0.016724573440 -0.995896286714 -0.817254245300 0.068620217221 0.997380501878 -0.022877942701 0.209733247800 0.993670162094 -0.070373454632 -0.087562468255 -0.235412806300
2960000.000000000000 0.500000000000 0.500000000000 0.500000000000 0.500000000000 1248.000000000000 704.000000000000 -0.084718829015 -0.017311351157 -0.996254504196 -0.815495967900 0.068363357266 0.997391989634 -0.023144554380 0.210044413800 0.994056925630 -0.070068082143 -0.083314419347 -0.234154686300
3000000.000000000000 0.500000000000 0.500000000000 0.500000000000 0.500000000000 1248.000000000000 704.000000000000 -0.080210481446 -0.017914646653 -0.996616949536 -0.813854932800 0.067981377974 0.997412131292 -0.023400269248 0.210339024700 0.994457043273 -0.069628340404 -0.078785044885 -0.232870519200
3040000.000000000000 0.500000000000 0.500000000000 0.500000000000 0.500000000000 1248.000000000000 704.000000000000 -0.075547554441 -0.018293433166 -0.996974381477 -0.812318086600 0.067700528353 0.997430490288 -0.023431933455 0.210623934900 0.994841296629 -0.069265917649 -0.074114959176 -0.231552347500
3080000.000000000000 0.500000000000 0.500000000000 0.500000000000 0.500000000000 1248.000000000000 704.000000000000 -0.070943289636 -0.018610286844 -0.997306726579 -0.810864448500 0.067507796502 0.997443950754 -0.023415006208 0.210903957500 0.995193321454 -0.068987117115 -0.069505615637 -0.230204060700
3120000.000000000000 0.500000000000 0.500000000000 0.500000000000 0.500000000000 1248.000000000000 704.000000000000 -0.066344947441 -0.018946067591 -0.997616857552 -0.809481561200 0.067383393580 0.997452147567 -0.023424166638 0.211180225000 0.995518872859 -0.068776884459 -0.064899259976 -0.228826955000
3160000.000000000000 0.500000000000 0.500000000000 0.500000000000 0.500000000000 1248.000000000000 704.000000000000 -0.061542697747 -0.019367955298 -0.997916518884 -0.808167278800 0.067169842562 0.997464729000 -0.023501630805 0.211454033900 0.995841708608 -0.068476249224 -0.060085727822 -0.227421745700
3200000.000000000000 0.500000000000 0.500000000000 0.500000000000 0.500000000000 1248.000000000000 704.000000000000 -0.056904683171 -0.019878250270 -0.998181702998 -0.806940913200 0.067095116367 0.997465326857 -0.023688965317 0.211726680400 0.996122533824 -0.068321130584 -0.055426714884 -0.225988373200
3240000.000000000000 0.500000000000 0.500000000000 0.500000000000 0.500000000000 1248.000000000000 704.000000000000 -0.052316302876 -0.020321098461 -0.998423786481 -0.805785179100 0.067124739940 0.997460243048 -0.023818749470 0.211991533600 0.996372055881 -0.068265045929 -0.050819383733 -0.224545687400
3280000.000000000000 0.500000000000 0.500000000000 0.500000000000 0.500000000000 1248.000000000000 704.000000000000 -0.047660619715 -0.020487771897 -0.998653451669 -0.804733812800 0.067052193412 0.997468816986 -0.023663526771 0.212242469200 0.996610489954 -0.068089722744 -0.046166231920 -0.223098948600
3320000.000000000000 0.500000000000 0.500000000000 0.500000000000 0.500000000000 1248.000000000000 704.000000000000 -0.043255139446 -0.020607210361 -0.998851508380 -0.803751111000 0.067095980029 0.997470108528 -0.023484293843 0.212474361100 0.996808468250 -0.068034737263 -0.041763047663 -0.221681088200
3360000.000000000000 0.500000000000 0.500000000000 0.500000000000 0.500000000000 1248.000000000000 704.000000000000 -0.038919828498 -0.020962657370 -0.999022429150 -0.802890896800 0.067129491649 0.997466417175 -0.023545232176 0.212670534800 0.996984893717 -0.067980244213 -0.037414009356 -0.220277845900
3400000.000000000000 0.500000000000 0.500000000000 0.500000000000 0.500000000000 1248.000000000000 704.000000000000 -0.034592458915 -0.021684450424 -0.999166225608 -0.802135288700 0.067112006620 0.997457455657 -0.023970872379 0.212837204300 0.997145596367 -0.067885261766 -0.033049219074 -0.218892231600
3440000.000000000000 0.500000000000 0.500000000000 0.500000000000 0.500000000000 1248.000000000000 704.000000000000 -0.030425513575 -0.022685506066 -0.999279568458 -0.801515400400 0.067237022841 0.997431476235 -0.024690746749 0.212975397700 0.997273017224 -0.067939811819 -0.028822059031 -0.217496186500
3480000.000000000000 0.500000000000 0.500000000000 0.500000000000 0.500000000000 1248.000000000000 704.000000000000 -0.026442666106 -0.023485993180 -0.999374401080 -0.800970614000 0.067287889672 0.997414795887 -0.025220326102 0.213102415200 0.997383138675 -0.067912687103 -0.024793983499 -0.216096937700
3520000.000000000000 0.500000000000 0.500000000000 0.500000000000 0.500000000000 1248.000000000000 704.000000000000 -0.022449752660 -0.023921925512 -0.999461730175 -0.800462544000 0.067096742566 0.997423615888 -0.025380260147 0.213227123000 0.997493877546 -0.067630406976 -0.020786830196 -0.214699566400
3560000.000000000000 0.500000000000 0.500000000000 0.500000000000 0.500000000000 1248.000000000000 704.000000000000 -0.018905707275 -0.024137767149 -0.999529860699 -0.799946785000 0.067144218084 0.997421016581 -0.025356846431 0.213355079300 0.997564147416 -0.067592040064 -0.017236238268 -0.213314950500
3600000.000000000000 0.500000000000 0.500000000000 0.500000000000 0.500000000000 1248.000000000000 704.000000000000 -0.015831051171 -0.024198012763 -0.999581829565 -0.799403965500 0.067284730076 0.997415239822 -0.025211197286 0.213478878100 0.997608211132 -0.067655713345 -0.014161974943 -0.211954176400
3640000.000000000000 0.500000000000 0.500000000000 0.500000000000 0.500000000000 1248.000000000000 704.000000000000 -0.012708199058 -0.024287367810 -0.999624242124 -0.798837781000 0.067231587787 0.997421915305 -0.025088572548 0.213595435000 0.997656461554 -0.067525155562 -0.011042557943 -0.210616469400
3680000.000000000000 0.500000000000 0.500000000000 0.500000000000 0.500000000000 1248.000000000000 704.000000000000 -0.009715704267 -0.024469106946 -0.999653373873 -0.798274874700 0.066939161288 0.997442161715 -0.025065568404 0.213705703600 0.997709754276 -0.067159488076 -0.008052911570 -0.209293752900
3720000.000000000000 0.500000000000 0.500000000000 0.500000000000 0.500000000000 1248.000000000000 704.000000000000 -0.006898004694 -0.024903695664 -0.999666055977 -0.797746837100 0.066786105732 0.997446268427 -0.025309241051 0.213801875700 0.997743470844 -0.066938386175 -0.005217168190 -0.207973510000
3760000.000000000000 0.500000000000 0.500000000000 0.500000000000 0.500000000000 1248.000000000000 704.000000000000 -0.004308539387 -0.025470151506 -0.999666298257 -0.797265946900 0.066855385929 0.997431600404 -0.025701359632 0.213886588800 0.997753373264 -0.066943811490 -0.002594656528 -0.206643715500
3800000.000000000000 0.500000000000 0.500000000000 0.500000000000 0.500000000000 1248.000000000000 704.000000000000 -0.001675864211 -0.026051380677 -0.999659200450 -0.796814680100 0.066917108977 0.997416975351 -0.026105129924 0.213950008200 0.997757130771 -0.066938052310 0.000071747668 -0.205307468800
3840000.000000000000 0.500000000000 0.500000000000 0.500000000000 0.500000000000 1248.000000000000 704.000000000000 0.000807717456 -0.026495625274 -0.999648602977 -0.796396851500 0.067093354582 0.997397856737 -0.026381757858 0.213999316100 0.997746375270 -0.067048469171 0.002583296040 -0.203949213000
3880000.000000000000 0.500000000000 0.500000000000 0.500000000000 0.500000000000 1248.000000000000 704.000000000000 0.003192501827 -0.026911367269 -0.999632725677 -0.795967638500 0.067223902451 0.997382306615 -0.026636091882 0.214025497400 0.997732807354 -0.067114177066 0.004993231965 -0.202582418900
3920000.000000000000 0.500000000000 0.500000000000 0.500000000000 0.500000000000 1248.000000000000 704.000000000000 0.005693335375 -0.027283591665 -0.999611520321 -0.795540630800 0.067402750516 0.997364813347 -0.026838374007 0.214038759500 0.997709604622 -0.067223766053 0.007517321496 -0.201186925200
3960000.000000000000 0.500000000000 0.500000000000 0.500000000000 0.500000000000 1248.000000000000 704.000000000000 0.008525786247 -0.027715500045 -0.999579492600 -0.795091748200 0.067105573574 0.997378264239 -0.027082097774 0.214044585800 0.997709453180 -0.066846459007 0.010363298416 -0.199768811500
4000000.000000000000 0.500000000000 0.500000000000 0.500000000000 0.500000000000 1248.000000000000 704.000000000000 0.011773482903 -0.027997797061 -0.999538647807 -0.794639945000 0.066974058446 0.997385296216 -0.027148598248 0.214061126100 0.997685251267 -0.066623526260 0.013617824829 -0.198315799200
4040000.000000000000 0.500000000000 0.500000000000 0.500000000000 0.500000000000 1248.000000000000 704.000000000000 0.015079088707 -0.028267814029 -0.999486644120 -0.794174134700 0.066863230544 0.997391337095 -0.027199799423 0.214104682200 0.997648199259 -0.066418757723 0.016929829814 -0.196840092500
4080000.000000000000 0.500000000000 0.500000000000 0.500000000000 0.500000000000 1248.000000000000 704.000000000000 0.018478618282 -0.028575990209 -0.999420808994 -0.793714821300 0.066906267029 0.997386239780 -0.027280764827 0.214188784400 0.997588137509 -0.066363404681 0.020342232437 -0.195344045800
4120000.000000000000 0.500000000000 0.500000000000 0.500000000000 0.500000000000 1248.000000000000 704.000000000000 0.022134485256 -0.029010303859 -0.999334011646 -0.793270468700 0.066830262005 0.997386044623 -0.027473515812 0.214317947600 0.997518812175 -0.066177641698 0.024015392907 -0.193839147700
4160000.000000000000 0.500000000000 0.500000000000 0.500000000000 0.500000000000 1248.000000000000 704.000000000000 0.026013689846 -0.029522252768 -0.999225562389 -0.792864024600 0.066915500050 0.997373357709 -0.027725460946 0.214501380900 0.997419472335 -0.066142436628 0.027920857495 -0.192332342300
4200000.000000000000 0.500000000000 0.500000000000 0.500000000000 0.500000000000 1248.000000000000 704.000000000000 0.029514391284 -0.029934572719 -0.999116020322 -0.792483627800 0.067092194192 0.997356622192 -0.027899922027 0.214738011400 0.997310151450 -0.066209436840 0.031444749763 -0.190839380000
4240000.000000000000 0.500000000000 0.500000000000 0.500000000000 0.500000000000 1248.000000000000 704.000000000000 0.033478573087 -0.030304843909 -0.998979880468 -0.792165279400 0.066675945878 0.997381117832 -0.028021849202 0.215029686700 0.997212867639 -0.065669796917 0.035411500781 -0.189345985700
4280000.000000000000 0.500000000000 0.500000000000 0.500000000000 0.500000000000 1248.000000000000 704.000000000000 0.037893400144 -0.030798641225 -0.998807055404 -0.791918218100 0.065862050478 0.997428548177 -0.028257416502 0.215369522600 0.997108961214 -0.064712711110 0.039824420755 -0.187848419000
4320000.000000000000 0.500000000000 0.500000000000 0.500000000000 0.500000000000 1248.000000000000 704.000000000000 0.041671776145 -0.031321273327 -0.998640296058 -0.791765391800 0.065647390317 0.997434536794 -0.028544087908 0.215745970600 0.996972358302 -0.064368646460 0.043621028592 -0.186326012000
4360000.000000000000 0.500000000000 0.500000000000 0.500000000000 0.500000000000 1248.000000000000 704.000000000000 0.044635321289 -0.031679934268 -0.998500911296 -0.791699886300 0.065894494041 0.997413774158 -0.028699804443 0.216117411900 0.996827770354 -0.064514687357 0.046607417507 -0.184791877900
4400000.000000000000 0.500000000000 0.500000000000 0.500000000000 0.500000000000 1248.000000000000 704.000000000000 0.047793624059 -0.031878353353 -0.998348406162 -0.791701078400 0.065835426361 0.997417757786 -0.028696917759 0.216484114500 0.996685239248 -0.064355163278 0.049768934330 -0.183256655900
4440000.000000000000 0.500000000000 0.500000000000 0.500000000000 0.500000000000 1248.000000000000 704.000000000000 0.051254202934 -0.032075775291 -0.998170401946 -0.791786789900 0.065731914896 0.997425168670 -0.028676615355 0.216841623200 0.996520106192 -0.064141854849 0.053230634138 -0.181707948400
4480000.000000000000 0.500000000000 0.500000000000 0.500000000000 0.500000000000 1248.000000000000 704.000000000000 0.054707932964 -0.032540461347 -0.997972023880 -0.791957140000 0.065350382214 0.997442610159 -0.028940749521 0.217196643400 0.996361565706 -0.063634564614 0.056694555038 -0.180135488500
4520000.000000000000 0.500000000000 0.500000000000 0.500000000000 0.500000000000 1248.000000000000 704.000000000000 0.058655307607 -0.033266943698 -0.997723842226 -0.792241096500 0.064711824256 0.997469215390 -0.029454102456 0.217546373600 0.996178666049 -0.062836890494 0.060659628271 -0.178498685400
4560000.000000000000 0.500000000000 0.500000000000 0.500000000000 0.500000000000 1248.000000000000 704.000000000000 0.062119883754 -0.033838838523 -0.997494888734 -0.792635858100 0.064709813188 0.997458840184 -0.029807754294 0.217889249300 0.995968754590 -0.062696053674 0.064151732121 -0.176785305100
4600000.000000000000 0.500000000000 0.500000000000 0.500000000000 0.500000000000 1248.000000000000 704.000000000000 0.065238224183 -0.034244562320 -0.997281948125 -0.793090403100 0.064998995908 0.997434339387 -0.029997818956 0.218194201600 0.995750523292 -0.062865320828 0.067296707207 -0.175020963000
4640000.000000000000 0.500000000000 0.500000000000 0.500000000000 0.500000000000 1248.000000000000 704.000000000000 0.068322921382 -0.034482442855 -0.997067169026 -0.793603420300 0.065374347405 0.997409304274 -0.030014570602 0.218461141000 0.995519047088 -0.063131932346 0.070400184680 -0.173207327700
4680000.000000000000 0.500000000000 0.500000000000 0.500000000000 0.500000000000 1248.000000000000 704.000000000000 0.071431299488 -0.034755063568 -0.996839834181 -0.794173240700 0.065337105146 0.997409381036 -0.030093011021 0.218661740400 0.995303286513 -0.062981046177 0.073517043452 -0.171352639800
4720000.000000000000 0.500000000000 0.500000000000 0.500000000000 0.500000000000 1248.000000000000 704.000000000000 0.074430324072 -0.035098254023 -0.996608368128 -0.794822752500 0.065158302837 0.997416012198 -0.030260439237 0.218804404100 0.995095232845 -0.062685015561 0.076524939687 -0.169443711600
4760000.000000000000 0.500000000000 0.500000000000 0.500000000000 0.500000000000 1248.000000000000 704.000000000000 0.076931235523 -0.035448946365 -0.996406020256 -0.795551836500 0.065123922521 0.997412286642 -0.030456611276 0.218879431500 0.994907261867 -0.062546803727 0.079040733974 -0.167476058000
4800000.000000000000 0.500000000000 0.500000000000 0.500000000000 0.500000000000 1248.000000000000 704.000000000000 0.079337181906 -0.035774515821 -0.996205699434 -0.796355247500 0.065248592355 0.997399104961 -0.030621015958 0.218904361100 0.994710124993 -0.062571634471 0.081465071023 -0.165452390900
4840000.000000000000 0.500000000000 0.500000000000 0.500000000000 0.500000000000 1248.000000000000 704.000000000000 0.081552097748 -0.035970841592 -0.996019755782 -0.797207772700 0.065249470033 0.997397293527 -0.030678095202 0.218904301500 0.994530925619 -0.062487898189 0.083686919926 -0.163386583300
4880000.000000000000 0.500000000000 0.500000000000 0.500000000000 0.500000000000 1248.000000000000 704.000000000000 0.083646427108 -0.036211651533 -0.995837331860 -0.798105061100 0.065319187281 0.997389543064 -0.030781539271 0.218896180400 0.994352391763 -0.062472519400 0.085793387360 -0.161304533500
4920000.000000000000 0.500000000000 0.500000000000 0.500000000000 0.500000000000 1248.000000000000 704.000000000000 0.085182086524 -0.036410468531 -0.995699899526 -0.799020350000 0.065550022170 0.997371856455 -0.030863806402 0.218904450500 0.994206822914 -0.062639107061 0.087344922793 -0.159240245800
4960000.000000000000 0.500000000000 0.500000000000 0.500000000000 0.500000000000 1248.000000000000 704.000000000000 0.086806159017 -0.036682272774 -0.995549647994 -0.799984693500 0.065531126478 0.997367775588 -0.031035329556 0.218913003800 0.994067584332 -0.062545432145 0.088981496382 -0.157204255500
5000000.000000000000 0.500000000000 0.500000000000 0.500000000000 0.500000000000 1248.000000000000 704.000000000000 0.088165563904 -0.036931402652 -0.995420968656 -0.800984323000 0.065784655882 0.997346690909 -0.031176227868 0.218940034500 0.993931190974 -0.062734756170 0.090361153027 -0.155214890800
5040000.000000000000 0.500000000000 0.500000000000 0.500000000000 0.500000000000 1248.000000000000 704.000000000000 0.089213239584 -0.037182634164 -0.995318265481 -0.802022993600 0.065952841574 0.997330253747 -0.031346254150 0.218966186000 0.993826554571 -0.062847566997 0.091427363252 -0.153273865600
5080000.000000000000 0.500000000000 0.500000000000 0.500000000000 0.500000000000 1248.000000000000 704.000000000000 0.090534507389 -0.037344223224 -0.995192901886 -0.803073585000 0.065772497340 0.997339171069 -0.031441317486 0.219009071600 0.993719015399 -0.062609798302 0.092749833375 -0.151389449800
5120000.000000000000 0.500000000000 0.500000000000 0.500000000000 0.500000000000 1248.000000000000 704.000000000000 0.092097543253 -0.037507747400 -0.995043321374 -0.804138720000 0.065424506748 0.997358956754 -0.031539583054 0.219081118700 0.993598347645 -0.062195500379 0.094308235531 -0.149550512400
5160000.000000000000 0.500000000000 0.500000000000 0.500000000000 0.500000000000 1248.000000000000 704.000000000000 0.093679071841 -0.037706480402 -0.994888160968 -0.805219709900 0.065030890849 0.997380325131 -0.031677598974 0.219179078900 0.993476328220 -0.061730935333 0.095885749142 -0.147751569700
5200000.000000000000 0.500000000000 0.500000000000 0.500000000000 0.500000000000 1248.000000000000 704.000000000000 0.095199177551 -0.037912107890 -0.994736039695 -0.806306183300 0.064858562603 0.997387459777 -0.031806004713 0.219307750500 0.993343084463 -0.061489244214 0.097409390694 -0.145993486000
