source:configs/../inputs/camTrack_1.7m_v02.asci fps:25.0 fx:0.9722222222222222 fy:1.4583333333333333 cx:0.5 cy:0.5 width:1920 height:1080 unit_scale:0.1
0.000000000000 0.972222222222 1.458333333333 0.500000000000 0.500000000000 1920.000000000000 1080.000000000000 -0.218505921601 0.125249680144 -0.967764268740 0.373230074129 -0.025955229992 0.990631962516 0.134069537475 -0.206928411742 0.975490383480 0.054413532017 -0.213208065682 0.154909407768
40000.000000000000 0.972222222222 1.458333333333 0.500000000000 0.500000000000 1920.000000000000 1080.000000000000 -0.221628982625 0.124558959406 -0.967143039934 0.370252834405 -0.026271613947 0.990685521994 0.133611372314 -0.206353375398 0.974777100860 0.055020561090 -0.216292259446 0.153867995582
80000.000000000000 0.972222222222 1.458333333333 0.500000000000 0.500000000000 1920.000000000000 1080.000000000000 -0.224587761416 0.123879339656 -0.966547591497 0.370013935075 -0.026585824946 0.990738275752 0.133157286216 -0.206066577794 0.974091130919 0.055601961897 -0.219214257061 0.151764377463
120000.000000000000 0.972222222222 1.458333333333 0.500000000000 0.500000000000 1920.000000000000 1080.000000000000 -0.227261706230 0.123214397732 -0.966007416676 0.371597346520 -0.026899150825 0.990790667172 0.132703766072 -0.205987278321 0.973462147475 0.056143263500 -0.221854414870 0.149361977618
160000.000000000000 0.972222222222 1.458333333333 0.500000000000 0.500000000000 1920.000000000000 1080.000000000000 -0.229277104551 0.122587064403 -0.965610905577 0.371446488657 -0.027209790476 0.990842712128 0.132251076084 -0.205645282525 0.972980799724 0.056596214221 -0.223841979765 0.146049084016
200000.000000000000 0.972222222222 1.458333333333 0.500000000000 0.500000000000 1920.000000000000 1080.000000000000 -0.230928004694 0.121980258940 -0.965294293507 0.371573625539 -0.027517843193 0.990894524573 0.131798366744 -0.205329336657 0.972581628941 0.056998750858 -0.225468661784 0.142588727760
240000.000000000000 0.972222222222 1.458333333333 0.500000000000 0.500000000000 1920.000000000000 1080.000000000000 -0.232185327922 0.121393944696 -0.965066569563 0.371823772401 -0.027823790705 0.990946384270 0.131343443587 -0.205044375956 0.972273526415 0.057347830767 -0.226705571475 0.139429931320
280000.000000000000 0.972222222222 1.458333333333 0.500000000000 0.500000000000 1920.000000000000 1080.000000000000 -0.233378155416 0.120805319624 -0.964852688925 0.372770220369 -0.028128061088 0.990998771636 0.130882568724 -0.204932060625 0.971979140082 0.057684567840 -0.227879445934 0.137872183638
320000.000000000000 0.972222222222 1.458333333333 0.500000000000 0.500000000000 1920.000000000000 1080.000000000000 -0.234429095707 0.120214932182 -0.964671638003 0.373465560118 -0.028432093974 0.991052155506 0.130411813499 -0.204699348466 0.971717353513 0.057999958174 -0.228913498365 0.134842603202
360000.000000000000 0.972222222222 1.458333333333 0.500000000000 0.500000000000 1920.000000000000 1080.000000000000 -0.235092158397 0.119646817298 -0.964580901828 0.373336915613 -0.028731406210 0.991105561575 0.129939494045 -0.204281865801 0.971548343294 0.058261521828 -0.229563524360 0.130259180551
400000.000000000000 0.972222222222 1.458333333333 0.500000000000 0.500000000000 1920.000000000000 1080.000000000000 -0.235593577197 0.119089648849 -0.964527512267 0.372119981211 -0.029024853974 0.991158797958 0.129467351413 -0.203760937561 0.971418151074 0.058496946647 -0.230054087114 0.125958848696
440000.000000000000 0.972222222222 1.458333333333 0.500000000000 0.500000000000 1920.000000000000 1080.000000000000 -0.236198516085 0.118529170566 -0.964448597243 0.372882047023 -0.029310637050 0.991211759035 0.128996648433 -0.203581048488 0.971262656317 0.058737419726 -0.230648581111 0.123290693728
480000.000000000000 0.972222222222 1.458333333333 0.500000000000 0.500000000000 1920.000000000000 1080.000000000000 -0.236779412464 0.117972580487 -0.964374398295 0.374835374162 -0.029588656883 0.991264523838 0.128526865535 -0.203549757216 0.971112774716 0.058967058885 -0.231220381345 0.120740697448
520000.000000000000 0.972222222222 1.458333333333 0.500000000000 0.500000000000 1920.000000000000 1080.000000000000 -0.237238953180 0.117432300659 -0.964327399723 0.377319148086 -0.029855436689 0.991316454279 0.128063813690 -0.203566502260 0.970992446929 0.059172140730 -0.231672885266 0.118124877716
560000.000000000000 0.972222222222 1.458333333333 0.500000000000 0.500000000000 1920.000000000000 1080.000000000000 -0.237656304166 0.116910516580 -0.964288033838 0.378886444881 -0.030108067500 0.991366829475 0.127613924350 -0.203331781703 0.970882580625 0.059361102833 -0.232084627041 0.113331023881
600000.000000000000 0.972222222222 1.458333333333 0.500000000000 0.500000000000 1920.000000000000 1080.000000000000 -0.237848042187 0.116424752915 -0.964299531129 0.380907258337 -0.030342626183 0.991415096089 0.127182672885 -0.203059692784 0.970828323579 0.059509529948 -0.232273506844 0.107217413801
640000.000000000000 0.972222222222 1.458333333333 0.500000000000 0.500000000000 1920.000000000000 1080.000000000000 -0.237892356116 0.115970048662 -0.964343390455 0.380579367647 -0.030558403267 0.991461371092 0.126769608434 -0.202750944751 0.970810697763 0.059626315047 -0.232317222053 0.105128223702
680000.000000000000 0.972222222222 1.458333333333 0.500000000000 0.500000000000 1920.000000000000 1080.000000000000 -0.237954139715 0.115516150193 -0.964382624500 0.379796345077 -0.030759702021 0.991508067390 0.126355027731 -0.202433417564 0.970789198603 0.059730824086 -0.232380206837 0.103894064377
720000.000000000000 0.972222222222 1.458333333333 0.500000000000 0.500000000000 1920.000000000000 1080.000000000000 -0.238046915912 0.115061276085 -0.964414106372 0.380428717232 -0.030947270281 0.991555269189 0.125938138011 -0.202265963963 0.970760491721 0.059825169362 -0.232475841377 0.102484348080
760000.000000000000 0.972222222222 1.458333333333 0.500000000000 0.500000000000 1920.000000000000 1080.000000000000 -0.238140655356 0.114601255309 -0.964445737483 0.381927132368 -0.031122194187 0.991603697631 0.125513010772 -0.202088810935 0.970731908045 0.059905418165 -0.232574511885 0.099392441449
800000.000000000000 0.972222222222 1.458333333333 0.500000000000 0.500000000000 1920.000000000000 1080.000000000000 -0.238272798126 0.114141838113 -0.964467580826 0.383052477744 -0.031282967292 0.991652396467 0.125087571476 -0.201678277363 0.970694313175 0.059976373452 -0.232713095887 0.093278029940
840000.000000000000 0.972222222222 1.458333333333 0.500000000000 0.500000000000 1920.000000000000 1080.000000000000 -0.238352377100 0.113694761225 -0.964500723484 0.382593678176 -0.031427000201 0.991700742105 0.124667484798 -0.201066953376 0.970670123157 0.060026155780 -0.232801143969 0.087025046355
880000.000000000000 0.972222222222 1.458333333333 0.500000000000 0.500000000000 1920.000000000000 1080.000000000000 -0.238401851819 0.113256356974 -0.964540074157 0.381835718599 -0.031555474696 0.991748970661 0.124250678913 -0.200354994855 0.970653804951 0.060058111846 -0.232860933038 0.079794041407
920000.000000000000 0.972222222222 1.458333333333 0.500000000000 0.500000000000 1920.000000000000 1080.000000000000 -0.238300457388 0.112834482151 -0.964614571550 0.381517863978 -0.031667737478 0.991797084243 0.123837385675 -0.199533906550 0.970675046765 0.060057666667 -0.232772486052 0.070068413311
960000.000000000000 0.972222222222 1.458333333333 0.500000000000 0.500000000000 1920.000000000000 1080.000000000000 -0.238240973736 0.112415824768 -0.964678143618 0.383307506392 -0.031765593697 0.991845158207 0.123426614631 -0.198905863005 0.970686450658 0.060048850813 -0.232727200872 0.059677488262
1000000.000000000000 0.972222222222 1.458333333333 0.500000000000 0.500000000000 1920.000000000000 1080.000000000000 -0.238195511844 0.111998933536 -0.964737859226 0.385410740055 -0.031849986085 0.991893546572 0.123015326910 -0.198485458372 0.970694842123 0.060028586150 -0.232697426546 0.052306157607
1040000.000000000000 0.972222222222 1.458333333333 0.500000000000 0.500000000000 1920.000000000000 1080.000000000000 -0.238178105703 0.111572285784 -0.964791591489 0.386582473031 -0.031925335561 0.991943332783 0.122593627471 -0.198013830292 0.970696637943 0.060000413267 -0.232697201304 0.046002689750
1080000.000000000000 0.972222222222 1.458333333333 0.500000000000 0.500000000000 1920.000000000000 1080.000000000000 -0.238155201566 0.111139189813 -0.964847231667 0.387960851867 -0.031991687056 0.991994346485 0.122162795081 -0.197519479153 0.970700073105 0.059960795778 -0.232693083360 0.039175525516
1120000.000000000000 0.972222222222 1.458333333333 0.500000000000 0.500000000000 1920.000000000000 1080.000000000000 -0.238175910915 0.110694163170 -0.964893277881 0.389577719701 -0.032050653247 0.992046786959 0.121720697131 -0.197070339679 0.970693046790 0.059916397786 -0.232733826914 0.032911553168
1160000.000000000000 0.972222222222 1.458333333333 0.500000000000 0.500000000000 1920.000000000000 1080.000000000000 -0.238184921060 0.110242165729 -0.964942800520 0.392091175848 -0.032101818122 0.992100472153 0.121268818860 -0.196673665511 0.970689145222 0.059860822328 -0.232764398690 0.026030685253
1200000.000000000000 0.972222222222 1.458333333333 0.500000000000 0.500000000000 1920.000000000000 1080.000000000000 -0.238211043907 0.109785109264 -0.964988460213 0.393828808141 -0.032143971076 0.992155002597 0.120810661556 -0.196266192186 0.970681339928 0.059796994958 -0.232813349510 0.020422833723
1240000.000000000000 0.972222222222 1.458333333333 0.500000000000 0.500000000000 1920.000000000000 1080.000000000000 -0.238129027278 0.109325333246 -0.965060898534 0.392642240227 -0.032179567860 0.992210889312 0.120341291926 -0.195556640055 0.970700284218 0.059711997461 -0.232756171946 0.015081489809
1280000.000000000000 0.972222222222 1.458333333333 0.500000000000 0.500000000000 1920.000000000000 1080.000000000000 -0.237740507196 0.108889893683 -0.965205906681 0.390794467077 -0.032203836047 0.992266558232 0.119874894616 -0.194632816862 0.970794707537 0.059582451016 -0.232395282544 0.007104897962
1320000.000000000000 0.972222222222 1.458333333333 0.500000000000 0.500000000000 1920.000000000000 1080.000000000000 -0.237146805899 0.108465783641 -0.965399692475 0.390453694886 -0.032224440787 0.992322369979 0.119406446456 -0.193841577459 0.970939224601 0.059426322606 -0.231830831240 -0.001461373395
1360000.000000000000 0.972222222222 1.458333333333 0.500000000000 0.500000000000 1920.000000000000 1080.000000000000 -0.236129931165 0.108072563986 -0.965693003248 0.392538186830 -0.032238426691 0.992377716709 0.118941797628 -0.193356041252 0.971186562640 0.059218141578 -0.230845992505 -0.009518621634
1400000.000000000000 0.972222222222 1.458333333333 0.500000000000 0.500000000000 1920.000000000000 1080.000000000000 -0.235296450109 0.107662958701 -0.965942165913 0.394792722002 -0.032261468294 0.992432894693 0.118474246967 -0.192939503110 0.971388067782 0.059039282300 -0.230042571965 -0.016355704453
1440000.000000000000 0.972222222222 1.458333333333 0.500000000000 0.500000000000 1920.000000000000 1080.000000000000 -0.233502884754 0.107304940321 -0.966417121431 0.396421984728 -0.032288990316 0.992488344874 0.118001298272 -0.192427075596 0.971819851575 0.058758276626 -0.228284123434 -0.024136316241
1480000.000000000000 0.972222222222 1.458333333333 0.500000000000 0.500000000000 1920.000000000000 1080.000000000000 -0.230831132124 0.107014737525 -0.967090913200 0.398515442460 -0.032318424186 0.992541535643 0.117544967915 -0.191751691962 0.972456943983 0.058387892378 -0.225650938671 -0.036010230668
1520000.000000000000 0.972222222222 1.458333333333 0.500000000000 0.500000000000 1920.000000000000 1080.000000000000 -0.227670907029 0.106752921331 -0.967868674914 0.400037035148 -0.032348807116 0.992594383500 0.117089472291 -0.191194615005 0.973200653910 0.057967263439 -0.222531533942 -0.045416420866
1560000.000000000000 0.972222222222 1.458333333333 0.500000000000 0.500000000000 1920.000000000000 1080.000000000000 -0.223287590759 0.106583024910 -0.968907999045 0.399891541228 -0.032374071143 0.992644734044 0.116654839134 -0.190703016526 0.974214848650 0.057415074472 -0.218194724713 -0.051450271660
1600000.000000000000 0.972222222222 1.458333333333 0.500000000000 0.500000000000 1920.000000000000 1080.000000000000 -0.217747901418 0.106466945203 -0.970180725951 0.399781387604 -0.032399105923 0.992696158231 0.116209446126 -0.190404158261 0.975467144174 0.056737351124 -0.212708071365 -0.055323722524
1640000.000000000000 0.972222222222 1.458333333333 0.500000000000 0.500000000000 1920.000000000000 1080.000000000000 -0.211885216710 0.106374231746 -0.971488125383 0.399195501854 -0.032418758494 0.992746558150 0.115772602024 -0.190049436179 0.976756714355 0.056024941785 -0.206899799082 -0.059728531164
1680000.000000000000 0.972222222222 1.458333333333 0.500000000000 0.500000000000 1920.000000000000 1080.000000000000 -0.205646193595 0.106286342641 -0.972837528279 0.397898236408 -0.032438318223 0.992798110123 0.115324186736 -0.189666213359 0.978088645559 0.055273193353 -0.200717402150 -0.063799516550
1720000.000000000000 0.972222222222 1.458333333333 0.500000000000 0.500000000000 1920.000000000000 1080.000000000000 -0.199269002178 0.106215908142 -0.974171466236 0.397643212224 -0.032450904780 0.992848019799 0.114890157805 -0.189475125678 0.979407373645 0.054506792597 -0.194397031898 -0.066696558344
1760000.000000000000 0.972222222222 1.458333333333 0.500000000000 0.500000000000 1920.000000000000 1080.000000000000 -0.192630859145 0.106139558094 -0.975514093344 0.397079999233 -0.032464827002 0.992899340805 0.114441836919 -0.189443558055 0.980734106225 0.053714925647 -0.187817250672 -0.066292329210
1800000.000000000000 0.972222222222 1.458333333333 0.500000000000 0.500000000000 1920.000000000000 1080.000000000000 -0.185711575321 0.106073202889 -0.976862163471 0.396171515204 -0.032475700430 0.992950485851 0.113994129362 -0.189313129150 0.982067482240 0.052894312323 -0.180957597383 -0.067385765826
1840000.000000000000 0.972222222222 1.458333333333 0.500000000000 0.500000000000 1920.000000000000 1080.000000000000 -0.179530455604 0.105959646903 -0.978029329181 0.394943551921 -0.032483808530 0.993001725517 0.113544596100 -0.189026875500 0.983215956794 0.052154830535 -0.174832079315 -0.070581689747
1880000.000000000000 0.972222222222 1.458333333333 0.500000000000 0.500000000000 1920.000000000000 1080.000000000000 -0.173332882464 0.105845658918 -0.979159031182 0.393308824500 -0.032486807112 0.993052544563 0.113098413344 -0.188722191376 0.984327343530 0.051413424564 -0.168690072482 -0.073532379097
1920000.000000000000 0.972222222222 1.458333333333 0.500000000000 0.500000000000 1920.000000000000 1080.000000000000 -0.166765556955 0.105749603184 -0.980309272852 0.391188387866 -0.032483306911 0.993102989237 0.112655614774 -0.188480098253 0.985461355805 0.050630763319 -0.162180276298 -0.074666273079
1960000.000000000000 0.972222222222 1.458333333333 0.500000000000 0.500000000000 1920.000000000000 1080.000000000000 -0.160536986775 0.105631883109 -0.981361187916 0.391866131757 -0.032472491522 0.993153427063 0.112213223852 -0.188531269687 0.986495521111 0.049881615688 -0.156007728157 -0.075913560014
2000000.000000000000 0.972222222222 1.458333333333 0.500000000000 0.500000000000 1920.000000000000 1080.000000000000 -0.154478402334 0.105501554647 -0.982347110333 0.392639382458 -0.032453486676 0.993203913885 0.111771000916 -0.188645763867 0.987463009137 0.049146794505 -0.150004660511 -0.076109774638
2040000.000000000000 0.972222222222 1.458333333333 0.500000000000 0.500000000000 1920.000000000000 1080.000000000000 -0.148339911466 0.105371948373 -0.983306678083 0.392348721945 -0.032425552958 0.993254398492 0.111329615972 -0.188828474222 0.988404701619 0.048398888141 -0.143922525843 -0.072841941763
2080000.000000000000 0.972222222222 1.458333333333 0.500000000000 0.500000000000 1920.000000000000 1080.000000000000 -0.142503154602 0.105224909604 -0.984185231208 0.391556941944 -0.032389552681 0.993304781078 0.110889714426 -0.188920798700 0.989264255801 0.047679453512 -0.138140877031 -0.070433402218
2120000.000000000000 0.972222222222 1.458333333333 0.500000000000 0.500000000000 1920.000000000000 1080.000000000000 -0.137421938638 0.105050758379 -0.984926164210 0.391298312723 -0.032344191827 0.993353862275 0.110462471268 -0.188890415197 0.989984375652 0.047036607739 -0.133110831627 -0.071671920737
2160000.000000000000 0.972222222222 1.458333333333 0.500000000000 0.500000000000 1920.000000000000 1080.000000000000 -0.133261586654 0.104848412886 -0.985519233621 0.392312500126 -0.032289967448 0.993401053566 0.110053190664 -0.188902927625 0.990554747364 0.046488246777 -0.128996648743 -0.074846424844
2200000.000000000000 0.972222222222 1.458333333333 0.500000000000 0.500000000000 1920.000000000000 1080.000000000000 -0.129647575356 0.104634845437 -0.986023861438 0.392699846274 -0.032228842982 0.993446503750 0.109660138003 -0.188872263871 0.991036229350 0.045995579212 -0.125425670453 -0.077506323027
2240000.000000000000 0.972222222222 1.458333333333 0.500000000000 0.500000000000 1920.000000000000 1080.000000000000 -0.126674061421 0.104406927279 -0.986434425443 0.395163863354 -0.032160420436 0.993490207298 0.109283646352 -0.189126285458 0.991422911537 0.045567549185 -0.122491668863 -0.078827667132
2280000.000000000000 0.972222222222 1.458333333333 0.500000000000 0.500000000000 1920.000000000000 1080.000000000000 -0.124711498879 0.104140345733 -0.986712638228 0.397829277637 -0.032085266472 0.993533066541 0.108915478080 -0.189423887152 0.991674128796 0.045241950451 -0.120563627171 -0.079285061796
2320000.000000000000 0.972222222222 1.458333333333 0.500000000000 0.500000000000 1920.000000000000 1080.000000000000 -0.122911360277 0.103874297828 -0.986966528189 0.396921966707 -0.032001470411 0.993575206780 0.108555121316 -0.189373763248 0.991901559333 0.044927037775 -0.118797549935 -0.079547733025
2360000.000000000000 0.972222222222 1.458333333333 0.500000000000 0.500000000000 1920.000000000000 1080.000000000000 -0.120925949672 0.103626533236 -0.987237791165 0.394120868145 -0.031907445865 0.993616487041 0.108204397226 -0.189161682233 0.992148592497 0.044584955870 -0.116847559306 -0.079811075043
2400000.000000000000 0.972222222222 1.458333333333 0.500000000000 0.500000000000 1920.000000000000 1080.000000000000 -0.118785810492 0.103398313895 -0.987521503517 0.390424053540 -0.031802417629 0.993656635842 0.107866103483 -0.188890570530 0.992410468233 0.044218533800 -0.114743992479 -0.080121147872
2440000.000000000000 0.972222222222 1.458333333333 0.500000000000 0.500000000000 1920.000000000000 1080.000000000000 -0.117151874328 0.103164967802 -0.987741073237 0.388577868869 -0.031686300505 0.993695147508 0.107545023965 -0.188797622150 0.992608390405 0.043896961600 -0.113144332870 -0.081131527305
2480000.000000000000 0.972222222222 1.458333333333 0.500000000000 0.500000000000 1920.000000000000 1080.000000000000 -0.115814810148 0.102936088716 -0.987922614070 0.387254355967 -0.031560508335 0.993731980106 0.107241251527 -0.188728013100 0.992769290452 0.043599465082 -0.111840165328 -0.082890975282
2520000.000000000000 0.972222222222 1.458333333333 0.500000000000 0.500000000000 1920.000000000000 1080.000000000000 -0.114326377901 0.102727813578 -0.988117642608 0.386848921738 -0.031426945002 0.993767458763 0.106951320852 -0.188752879431 0.992946034004 0.043280875935 -0.110385412689 -0.084793378351
2560000.000000000000 0.972222222222 1.458333333333 0.500000000000 0.500000000000 1920.000000000000 1080.000000000000 -0.113315284729 0.102508610674 -0.988256864881 0.389107030632 -0.031286714066 0.993801992948 0.106671178558 -0.189067930726 0.993066356177 0.043006784926 -0.109405798204 -0.085888088637
2600000.000000000000 0.972222222222 1.458333333333 0.500000000000 0.500000000000 1920.000000000000 1080.000000000000 -0.112130152378 0.102299730872 -0.988413675538 0.390873461007 -0.031142268463 0.993836254538 0.106393882724 -0.189334773140 0.993205410800 0.042711406318 -0.108253164977 -0.086679922154
2640000.000000000000 0.972222222222 1.458333333333 0.500000000000 0.500000000000 1920.000000000000 1080.000000000000 -0.110460577653 0.102112023238 -0.988621057582 0.390968049031 -0.030994148766 0.993870459600 0.106117257202 -0.189435205479 0.993397112703 0.042363241661 -0.106618629841 -0.087523157545
2680000.000000000000 0.972222222222 1.458333333333 0.500000000000 0.500000000000 1920.000000000000 1080.000000000000 -0.108481471775 0.101935560855 -0.988858388100 0.391211917914 -0.030844252799 0.993904741156 0.105839489683 -0.189555517548 0.993619848006 0.041982221718 -0.104676122916 -0.088462356452
2720000.000000000000 0.972222222222 1.458333333333 0.500000000000 0.500000000000 1920.000000000000 1080.000000000000 -0.106402473294 0.101762057744 -0.989102116710 0.392336063867 -0.030693057115 0.993938986041 0.105561490485 -0.189760201423 0.993849309464 0.041590571433 -0.102634177768 -0.089881453045
2760000.000000000000 0.972222222222 1.458333333333 0.500000000000 0.500000000000 1920.000000000000 1080.000000000000 -0.103936388044 0.101603156186 -0.989380627410 0.390557503158 -0.030541668101 0.993973161234 0.105283242998 -0.189687004423 0.994114899672 0.041160094746 -0.100206850317 -0.091523146027
2800000.000000000000 0.972222222222 1.458333333333 0.500000000000 0.500000000000 1920.000000000000 1080.000000000000 -0.100956494848 0.101472281644 -0.989702562493 0.387199651148 -0.030387789344 0.994006431711 0.105013313325 -0.189458195398 0.994426653106 0.040676649007 -0.097267886884 -0.093995139262
2840000.000000000000 0.972222222222 1.458333333333 0.500000000000 0.500000000000 1920.000000000000 1080.000000000000 -0.097889522789 0.101351212297 -0.990023016447 0.385746793129 -0.030232770016 0.994038771672 0.104751611110 -0.189429502416 0.994737965972 0.040185223390 -0.094241853101 -0.096941731172
2880000.000000000000 0.972222222222 1.458333333333 0.500000000000 0.500000000000 1920.000000000000 1080.000000000000 -0.094502589049 0.101253018089 -0.990362098927 0.386612725167 -0.030076490678 0.994069779158 0.104502052008 -0.189674579652 0.995070181129 0.039662330912 -0.090896832371 -0.099426270645
2920000.000000000000 0.972222222222 1.458333333333 0.500000000000 0.500000000000 1920.000000000000 1080.000000000000 -0.090670345025 0.101181392567 -0.990727618638 0.386273820767 -0.029919762912 0.994099506899 0.104263983098 -0.189795349124 0.995431412163 0.039095986781 -0.087108022003 -0.102214420201
2960000.000000000000 0.972222222222 1.458333333333 0.500000000000 0.500000000000 1920.000000000000 1080.000000000000 -0.086401799046 0.101138453459 -0.991113385216 0.384521594959 -0.029760610877 0.994127700732 0.104040476147 -0.189760366422 0.995815763664 0.038485424105 -0.082884479667 -0.105485774660
3000000.000000000000 0.972222222222 1.458333333333 0.500000000000 0.500000000000 1920.000000000000 1080.000000000000 -0.081852037895 0.101117900695 -0.991501595587 0.381998404717 -0.029598093245 0.994154361923 0.103831871529 -0.189647738281 0.996204896981 0.037845406962 -0.078380663452 -0.108844846548
3040000.000000000000 0.972222222222 1.458333333333 0.500000000000 0.500000000000 1920.000000000000 1080.000000000000 -0.077161072195 0.101112357329 -0.991878248644 0.379910113959 -0.029431204451 0.994179701430 0.103636506448 -0.189632760528 0.996584152564 0.037188875482 -0.073736113256 -0.110913088905
3080000.000000000000 0.972222222222 1.458333333333 0.500000000000 0.500000000000 1920.000000000000 1080.000000000000 -0.072530594371 0.101111414870 -0.992227692953 0.378297797947 -0.029260447713 0.994203988277 0.103451708028 -0.189679842203 0.996936878182 0.036536440401 -0.069151640928 -0.112627309440
3120000.000000000000 0.972222222222 1.458333333333 0.500000000000 0.500000000000 1920.000000000000 1080.000000000000 -0.067902971345 0.101115667645 -0.992554687783 0.377076772283 -0.029085991658 0.994227383957 0.103275912390 -0.189764618511 0.997267863501 0.035882178689 -0.064569944098 -0.114450418112
3160000.000000000000 0.972222222222 1.458333333333 0.500000000000 0.500000000000 1920.000000000000 1080.000000000000 -0.063068157841 0.101132212423 -0.992871936897 0.375338369123 -0.028907932720 0.994249918554 0.103108830278 -0.189787544214 0.997590466520 0.035204759134 -0.059781987605 -0.116762633827
