source:translation:configs/../inputs/nukeCam_unit-1-split_tr.asci rotation:configs/../inputs/nukeCam_unit-1-split_rot.asci fps:25.0 fx:0.9722222222222222 fy:1.4583333333333333 cx:0.5 cy:0.5 width:1920 height:1080 unit_scale:1
0.000000000000 0.972222222222 1.458333333333 0.500000000000 0.500000000000 1920.000000000000 1080.000000000000 1.000000000000 -0.000000000000 0.000000000000 -0.000000000000 -0.000000000000 1.000000000000 -0.000000000000 -0.500000000000 0.000000000000 -0.000000000000 1.000000000000 -0.500000000000
40000.000000000000 0.972222222222 1.458333333333 0.500000000000 0.500000000000 1920.000000000000 1080.000000000000 0.999997620177 -0.000000000000 0.002181659834 -0.006063547170 -0.000000000000 1.000000000000 -0.000000000000 -0.500000000000 -0.002181659834 -0.000000000000 0.999997620177 -0.487487931338
80000.000000000000 0.972222222222 1.458333333333 0.500000000000 0.500000000000 1920.000000000000 1080.000000000000 0.999990480721 -0.000000000000 0.004363309285 -0.012072476516 -0.000000000000 1.000000000000 -0.000000000000 -0.500000000000 -0.004363309285 -0.000000000000 0.999990480721 -0.474951844950
120000.000000000000 0.972222222222 1.458333333333 0.500000000000 0.500000000000 1920.000000000000 1080.000000000000 0.999978581664 -0.000000000000 0.006544937967 -0.018026712232 -0.000000000000 1.000000000000 -0.000000000000 -0.500000000000 -0.006544937967 -0.000000000000 0.999978581664 -0.462391919452
160000.000000000000 0.972222222222 1.458333333333 0.500000000000 0.500000000000 1920.000000000000 1080.000000000000 0.999961923064 -0.000000000000 0.008726535498 -0.023926179030 -0.000000000000 1.000000000000 -0.000000000000 -0.500000000000 -0.008726535498 -0.000000000000 0.999961923064 -0.449808334072
200000.000000000000 0.972222222222 1.458333333333 0.500000000000 0.500000000000 1920.000000000000 1080.000000000000 0.999940505000 -0.000000000000 0.010908091494 -0.029770802145 -0.000000000000 1.000000000000 -0.000000000000 -0.500000000000 -0.010908091494 -0.000000000000 0.999940505000 -0.437201267856
240000.000000000000 0.972222222222 1.458333333333 0.500000000000 0.500000000000 1920.000000000000 1080.000000000000 0.999914327574 -0.000000000000 0.013089595571 -0.035560507433 -0.000000000000 1.000000000000 -0.000000000000 -0.500000000000 -0.013089595571 -0.000000000000 0.999914327574 -0.424570900458
280000.000000000000 0.972222222222 1.458333333333 0.500000000000 0.500000000000 1920.000000000000 1080.000000000000 0.999883390910 -0.000000000000 0.015271037347 -0.041295220972 -0.000000000000 1.000000000000 -0.000000000000 -0.500000000000 -0.015271037347 -0.000000000000 0.999883390910 -0.411917411453
320000.000000000000 0.972222222222 1.458333333333 0.500000000000 0.500000000000 1920.000000000000 1080.000000000000 0.999847695156 -0.000000000000 0.017452406437 -0.046974869762 -0.000000000000 1.000000000000 -0.000000000000 -0.500000000000 -0.017452406437 -0.000000000000 0.999847695156 -0.399240980716
360000.000000000000 0.972222222222 1.458333333333 0.500000000000 0.500000000000 1920.000000000000 1080.000000000000 0.999807240482 -0.000000000000 0.019633692461 -0.052599380927 -0.000000000000 1.000000000000 -0.000000000000 -0.500000000000 -0.019633692461 -0.000000000000 0.999807240482 -0.386541788340
400000.000000000000 0.972222222222 1.458333333333 0.500000000000 0.500000000000 1920.000000000000 1080.000000000000 0.999762027080 -0.000000000000 0.021814885035 -0.058168682516 -0.000000000000 1.000000000000 -0.000000000000 -0.500000000000 -0.021814885035 -0.000000000000 0.999762027080 -0.373820014719
440000.000000000000 0.972222222222 1.458333333333 0.500000000000 0.500000000000 1920.000000000000 1080.000000000000 0.999712055165 -0.000000000000 0.023995973777 -0.063682702697 -0.000000000000 1.000000000000 -0.000000000000 -0.500000000000 -0.023995973777 -0.000000000000 0.999712055165 -0.361075840159
480000.000000000000 0.972222222222 1.458333333333 0.500000000000 0.500000000000 1920.000000000000 1080.000000000000 0.999657324976 -0.000000000000 0.026176948308 -0.069141370573 -0.000000000000 1.000000000000 -0.000000000000 -0.500000000000 -0.026176948308 -0.000000000000 0.999657324976 -0.348309445564
520000.000000000000 0.972222222222 1.458333333333 0.500000000000 0.500000000000 1920.000000000000 1080.000000000000 0.999597836772 -0.000000000000 0.028357798245 -0.074544615459 -0.000000000000 1.000000000000 -0.000000000000 -0.500000000000 -0.028357798245 -0.000000000000 0.999597836772 -0.335521011648
560000.000000000000 0.972222222222 1.458333333333 0.500000000000 0.500000000000 1920.000000000000 1080.000000000000 0.999533590837 -0.000000000000 0.030538513210 -0.079892367309 -0.000000000000 1.000000000000 -0.000000000000 -0.500000000000 -0.030538513210 -0.000000000000 0.999533590837 -0.322710719722
600000.000000000000 0.972222222222 1.458333333333 0.500000000000 0.500000000000 1920.000000000000 1080.000000000000 0.999464587476 -0.000000000000 0.032719082822 -0.085184556497 -0.000000000000 1.000000000000 -0.000000000000 -0.500000000000 -0.032719082822 -0.000000000000 0.999464587476 -0.309878751005
640000.000000000000 0.972222222222 1.458333333333 0.500000000000 0.500000000000 1920.000000000000 1080.000000000000 0.999390827019 -0.000000000000 0.034899496703 -0.090421114224 -0.000000000000 1.000000000000 -0.000000000000 -0.500000000000 -0.034899496703 -0.000000000000 0.999390827019 -0.297025287002
680000.000000000000 0.972222222222 1.458333333333 0.500000000000 0.500000000000 1920.000000000000 1080.000000000000 0.999312309816 -0.000000000000 0.037079744474 -0.095601971919 -0.000000000000 1.000000000000 -0.000000000000 -0.500000000000 -0.037079744474 -0.000000000000 0.999312309816 -0.284150509426
720000.000000000000 0.972222222222 1.458333333333 0.500000000000 0.500000000000 1920.000000000000 1080.000000000000 0.999229036241 -0.000000000000 0.039259815759 -0.100727061641 -0.000000000000 1.000000000000 -0.000000000000 -0.500000000000 -0.039259815759 -0.000000000000 0.999229036241 -0.271254600184
760000.000000000000 0.972222222222 1.458333333333 0.500000000000 0.500000000000 1920.000000000000 1080.000000000000 0.999141006690 -0.000000000000 0.041439700181 -0.105796316076 -0.000000000000 1.000000000000 -0.000000000000 -0.500000000000 -0.041439700181 -0.000000000000 0.999141006690 -0.258337741373
800000.000000000000 0.972222222222 1.458333333333 0.500000000000 0.500000000000 1920.000000000000 1080.000000000000 0.999048221582 -0.000000000000 0.043619387365 -0.110809668139 -0.000000000000 1.000000000000 -0.000000000000 -0.500000000000 -0.043619387365 -0.000000000000 0.999048221582 -0.245400115295
840000.000000000000 0.972222222222 1.458333333333 0.500000000000 0.500000000000 1920.000000000000 1080.000000000000 0.998950681359 -0.000000000000 0.045798866937 -0.115767051577 -0.000000000000 1.000000000000 -0.000000000000 -0.500000000000 -0.045798866937 -0.000000000000 0.998950681359 -0.232441904433
880000.000000000000 0.972222222222 1.458333333333 0.500000000000 0.500000000000 1920.000000000000 1080.000000000000 0.998848386485 -0.000000000000 0.047978128521 -0.120668400569 -0.000000000000 1.000000000000 -0.000000000000 -0.500000000000 -0.047978128521 -0.000000000000 0.998848386485 -0.219463291562
920000.000000000000 0.972222222222 1.458333333333 0.500000000000 0.500000000000 1920.000000000000 1080.000000000000 0.998741337447 -0.000000000000 0.050157161747 -0.125513649814 -0.000000000000 1.000000000000 -0.000000000000 -0.500000000000 -0.050157161747 -0.000000000000 0.998741337447 -0.206464459348
960000.000000000000 0.972222222222 1.458333333333 0.500000000000 0.500000000000 1920.000000000000 1080.000000000000 0.998629534755 -0.000000000000 0.052335956243 -0.130302734552 -0.000000000000 1.000000000000 -0.000000000000 -0.500000000000 -0.052335956243 -0.000000000000 0.998629534755 -0.193445590945
1000000.000000000000 0.972222222222 1.458333333333 0.500000000000 0.500000000000 1920.000000000000 1080.000000000000 0.998512978940 -0.000000000000 0.054514501638 -0.135035590660 -0.000000000000 1.000000000000 -0.000000000000 -0.500000000000 -0.054514501638 -0.000000000000 0.998512978940 -0.180406869686
1040000.000000000000 0.972222222222 1.458333333333 0.500000000000 0.500000000000 1920.000000000000 1080.000000000000 0.998391670557 -0.000000000000 0.056692787563 -0.139712154235 -0.000000000000 1.000000000000 -0.000000000000 -0.500000000000 -0.056692787563 -0.000000000000 0.998391670557 -0.167348478906
1080000.000000000000 0.972222222222 1.458333333333 0.500000000000 0.500000000000 1920.000000000000 1080.000000000000 0.998265610185 -0.000000000000 0.058870803651 -0.144332362305 -0.000000000000 1.000000000000 -0.000000000000 -0.500000000000 -0.058870803651 -0.000000000000 0.998265610185 -0.154270602099
1120000.000000000000 0.972222222222 1.458333333333 0.500000000000 0.500000000000 1920.000000000000 1080.000000000000 0.998134798422 -0.000000000000 0.061048539535 -0.148896152049 -0.000000000000 1.000000000000 -0.000000000000 -0.500000000000 -0.061048539535 -0.000000000000 0.998134798422 -0.141173423267
1160000.000000000000 0.972222222222 1.458333333333 0.500000000000 0.500000000000 1920.000000000000 1080.000000000000 0.997999235891 -0.000000000000 0.063225984849 -0.153403461465 -0.000000000000 1.000000000000 -0.000000000000 -0.500000000000 -0.063225984849 -0.000000000000 0.997999235891 -0.128057126272
1200000.000000000000 0.972222222222 1.458333333333 0.500000000000 0.500000000000 1920.000000000000 1080.000000000000 0.997858923239 -0.000000000000 0.065403129230 -0.157854229082 -0.000000000000 1.000000000000 -0.000000000000 -0.500000000000 -0.065403129230 -0.000000000000 0.997858923239 -0.114921895155
1240000.000000000000 0.972222222222 1.458333333333 0.500000000000 0.500000000000 1920.000000000000 1080.000000000000 0.997713861131 -0.000000000000 0.067579962315 -0.162248393683 -0.000000000000 1.000000000000 -0.000000000000 -0.500000000000 -0.067579962315 -0.000000000000 0.997713861131 -0.101767914454
1280000.000000000000 0.972222222222 1.458333333333 0.500000000000 0.500000000000 1920.000000000000 1080.000000000000 0.997564050260 -0.000000000000 0.069756473744 -0.166585894968 -0.000000000000 1.000000000000 -0.000000000000 -0.500000000000 -0.069756473744 -0.000000000000 0.997564050260 -0.088595368557
1320000.000000000000 0.972222222222 1.458333333333 0.500000000000 0.500000000000 1920.000000000000 1080.000000000000 0.997409491337 -0.000000000000 0.071932653157 -0.170866672780 -0.000000000000 1.000000000000 -0.000000000000 -0.500000000000 -0.071932653157 -0.000000000000 0.997409491337 -0.075404442151
1360000.000000000000 0.972222222222 1.458333333333 0.500000000000 0.500000000000 1920.000000000000 1080.000000000000 0.997250185099 -0.000000000000 0.074108490195 -0.175090667888 -0.000000000000 1.000000000000 -0.000000000000 -0.500000000000 -0.074108490195 -0.000000000000 0.997250185099 -0.062195319973
1400000.000000000000 0.972222222222 1.458333333333 0.500000000000 0.500000000000 1920.000000000000 1080.000000000000 0.997086132304 -0.000000000000 0.076283974504 -0.179257821223 -0.000000000000 1.000000000000 -0.000000000000 -0.500000000000 -0.076283974504 -0.000000000000 0.997086132304 -0.048968187255
1440000.000000000000 0.972222222222 1.458333333333 0.500000000000 0.500000000000 1920.000000000000 1080.000000000000 0.996917333733 -0.000000000000 0.078459095728 -0.183368074628 -0.000000000000 1.000000000000 -0.000000000000 -0.500000000000 -0.078459095728 -0.000000000000 0.996917333733 -0.035723229073
1480000.000000000000 0.972222222222 1.458333333333 0.500000000000 0.500000000000 1920.000000000000 1080.000000000000 0.996743790189 -0.000000000000 0.080633843514 -0.187421370093 -0.000000000000 1.000000000000 -0.000000000000 -0.500000000000 -0.080633843514 -0.000000000000 0.996743790189 -0.022460630799
1520000.000000000000 0.972222222222 1.458333333333 0.500000000000 0.500000000000 1920.000000000000 1080.000000000000 0.996565502498 -0.000000000000 0.082808207512 -0.191417650546 -0.000000000000 1.000000000000 -0.000000000000 -0.500000000000 -0.082808207512 -0.000000000000 0.996565502498 -0.009180577944
1560000.000000000000 0.972222222222 1.458333333333 0.500000000000 0.500000000000 1920.000000000000 1080.000000000000 0.996382471508 -0.000000000000 0.084982177372 -0.195356859053 -0.000000000000 1.000000000000 -0.000000000000 -0.500000000000 -0.084982177372 -0.000000000000 0.996382471508 0.004116743785
1600000.000000000000 0.972222222222 1.458333333333 0.500000000000 0.500000000000 1920.000000000000 1080.000000000000 0.996194698092 -0.000000000000 0.087155742748 -0.199238939618 -0.000000000000 1.000000000000 -0.000000000000 -0.500000000000 -0.087155742748 -0.000000000000 0.996194698092 0.017431148550
1640000.000000000000 0.972222222222 1.458333333333 0.500000000000 0.500000000000 1920.000000000000 1080.000000000000 0.996002183142 -0.000000000000 0.089328893292 -0.203063836486 -0.000000000000 1.000000000000 -0.000000000000 -0.500000000000 -0.089328893292 -0.000000000000 0.996002183142 0.030762450324
1680000.000000000000 0.972222222222 1.458333333333 0.500000000000 0.500000000000 1920.000000000000 1080.000000000000 0.995804927575 -0.000000000000 0.091501618663 -0.206831494442 -0.000000000000 1.000000000000 -0.000000000000 -0.500000000000 -0.091501618663 -0.000000000000 0.995804927575 0.044110462919
1720000.000000000000 0.972222222222 1.458333333333 0.500000000000 0.500000000000 1920.000000000000 1080.000000000000 0.995602932329 -0.000000000000 0.093673908519 -0.210541859109 -0.000000000000 1.000000000000 -0.000000000000 -0.500000000000 -0.093673908519 -0.000000000000 0.995602932329 0.057475000014
1760000.000000000000 0.972222222222 1.458333333333 0.500000000000 0.500000000000 1920.000000000000 1080.000000000000 0.995396198367 -0.000000000000 0.095845752520 -0.214194876252 -0.000000000000 1.000000000000 -0.000000000000 -0.500000000000 -0.095845752520 -0.000000000000 0.995396198367 0.070855875094
1800000.000000000000 0.972222222222 1.458333333333 0.500000000000 0.500000000000 1920.000000000000 1080.000000000000 0.995184726672 -0.000000000000 0.098017140330 -0.217790492578 -0.000000000000 1.000000000000 -0.000000000000 -0.500000000000 -0.098017140330 -0.000000000000 0.995184726672 0.084252901523
1840000.000000000000 0.972222222222 1.458333333333 0.500000000000 0.500000000000 1920.000000000000 1080.000000000000 0.994968518251 -0.000000000000 0.100188061612 -0.221328654935 -0.000000000000 1.000000000000 -0.000000000000 -0.500000000000 -0.100188061612 -0.000000000000 0.994968518251 0.097665892473
1880000.000000000000 0.972222222222 1.458333333333 0.500000000000 0.500000000000 1920.000000000000 1080.000000000000 0.994747574132 -0.000000000000 0.102358506035 -0.224809311102 -0.000000000000 1.000000000000 -0.000000000000 -0.500000000000 -0.102358506035 -0.000000000000 0.994747574132 0.111094661099
1920000.000000000000 0.972222222222 1.458333333333 0.500000000000 0.500000000000 1920.000000000000 1080.000000000000 0.994521895368 -0.000000000000 0.104528463268 -0.228232409033 -0.000000000000 1.000000000000 -0.000000000000 -0.500000000000 -0.104528463268 -0.000000000000 0.994521895368 0.124539020067
1960000.000000000000 0.972222222222 1.458333333333 0.500000000000 0.500000000000 1920.000000000000 1080.000000000000 0.994291483033 -0.000000000000 0.106697922982 -0.231597897590 -0.000000000000 1.000000000000 -0.000000000000 -0.500000000000 -0.106697922982 -0.000000000000 0.994291483033 0.137998782230
2000000.000000000000 0.972222222222 1.458333333333 0.500000000000 0.500000000000 1920.000000000000 1080.000000000000 0.994056338222 -0.000000000000 0.108866874852 -0.234905725794 -0.000000000000 1.000000000000 -0.000000000000 -0.500000000000 -0.108866874852 -0.000000000000 0.994056338222 0.151473760151
2040000.000000000000 0.972222222222 1.458333333333 0.500000000000 0.500000000000 1920.000000000000 1080.000000000000 0.993816462056 -0.000000000000 0.111035308554 -0.238155843594 -0.000000000000 1.000000000000 -0.000000000000 -0.500000000000 -0.111035308554 -0.000000000000 0.993816462056 0.164963766386
2080000.000000000000 0.972222222222 1.458333333333 0.500000000000 0.500000000000 1920.000000000000 1080.000000000000 0.993571855677 -0.000000000000 0.113203213768 -0.241348201120 -0.000000000000 1.000000000000 -0.000000000000 -0.500000000000 -0.113203213768 -0.000000000000 0.993571855677 0.178468613005
2120000.000000000000 0.972222222222 1.458333333333 0.500000000000 0.500000000000 1920.000000000000 1080.000000000000 0.993322520247 -0.000000000000 0.115370580174 -0.244482749310 -0.000000000000 1.000000000000 -0.000000000000 -0.500000000000 -0.115370580174 -0.000000000000 0.993322520247 0.191988112263
2160000.000000000000 0.972222222222 1.458333333333 0.500000000000 0.500000000000 1920.000000000000 1080.000000000000 0.993068456955 -0.000000000000 0.117537397458 -0.247559439647 -0.000000000000 1.000000000000 -0.000000000000 -0.500000000000 -0.117537397458 -0.000000000000 0.993068456955 0.205522076271
2200000.000000000000 0.972222222222 1.458333333333 0.500000000000 0.500000000000 1920.000000000000 1080.000000000000 0.992809667009 -0.000000000000 0.119703655305 -0.250578223896 -0.000000000000 1.000000000000 -0.000000000000 -0.500000000000 -0.119703655305 -0.000000000000 0.992809667009 0.219070316665
2240000.000000000000 0.972222222222 1.458333333333 0.500000000000 0.500000000000 1920.000000000000 1080.000000000000 0.992546151641 -0.000000000000 0.121869343405 -0.253539054731 -0.000000000000 1.000000000000 -0.000000000000 -0.500000000000 -0.121869343405 -0.000000000000 0.992546151641 0.232632645289
2280000.000000000000 0.972222222222 1.458333333333 0.500000000000 0.500000000000 1920.000000000000 1080.000000000000 0.992277912106 -0.000000000000 0.124034451450 -0.256441884972 -0.000000000000 1.000000000000 -0.000000000000 -0.500000000000 -0.124034451450 -0.000000000000 0.992277912106 0.246208873795
2320000.000000000000 0.972222222222 1.458333333333 0.500000000000 0.500000000000 1920.000000000000 1080.000000000000 0.992004949680 -0.000000000000 0.126198969136 -0.259286668309 -0.000000000000 1.000000000000 -0.000000000000 -0.500000000000 -0.126198969136 -0.000000000000 0.992004949680 0.259798813539
2360000.000000000000 0.972222222222 1.458333333333 0.500000000000 0.500000000000 1920.000000000000 1080.000000000000 0.991727265662 -0.000000000000 0.128362886159 -0.262073358881 -0.000000000000 1.000000000000 -0.000000000000 -0.500000000000 -0.128362886159 -0.000000000000 0.991727265662 0.273402275726
2400000.000000000000 0.972222222222 1.458333333333 0.500000000000 0.500000000000 1920.000000000000 1080.000000000000 0.991444861374 -0.000000000000 0.130526192220 -0.264801911333 -0.000000000000 1.000000000000 -0.000000000000 -0.500000000000 -0.130526192220 -0.000000000000 0.991444861374 0.287019071726
2440000.000000000000 0.972222222222 1.458333333333 0.500000000000 0.500000000000 1920.000000000000 1080.000000000000 0.991157738160 -0.000000000000 0.132688877023 -0.267472280998 -0.000000000000 1.000000000000 -0.000000000000 -0.500000000000 -0.132688877023 -0.000000000000 0.991157738160 0.300649012491
2480000.000000000000 0.972222222222 1.458333333333 0.500000000000 0.500000000000 1920.000000000000 1080.000000000000 0.990865897387 -0.000000000000 0.134850930274 -0.270084423445 -0.000000000000 1.000000000000 -0.000000000000 -0.500000000000 -0.134850930274 -0.000000000000 0.990865897387 0.314291908900
2520000.000000000000 0.972222222222 1.458333333333 0.500000000000 0.500000000000 1920.000000000000 1080.000000000000 0.990569340444 -0.000000000000 0.137012341682 -0.272638295089 -0.000000000000 1.000000000000 -0.000000000000 -0.500000000000 -0.137012341682 -0.000000000000 0.990569340444 0.327947571744
2560000.000000000000 0.972222222222 1.458333333333 0.500000000000 0.500000000000 1920.000000000000 1080.000000000000 0.990268068742 -0.000000000000 0.139173100960 -0.275133852795 -0.000000000000 1.000000000000 -0.000000000000 -0.500000000000 -0.139173100960 -0.000000000000 0.990268068742 0.341615811669
2600000.000000000000 0.972222222222 1.458333333333 0.500000000000 0.500000000000 1920.000000000000 1080.000000000000 0.989962083715 -0.000000000000 0.141333197824 -0.277571053976 -0.000000000000 1.000000000000 -0.000000000000 -0.500000000000 -0.141333197824 -0.000000000000 0.989962083715 0.355296439195
2640000.000000000000 0.972222222222 1.458333333333 0.500000000000 0.500000000000 1920.000000000000 1080.000000000000 0.989651386820 -0.000000000000 0.143492621991 -0.279949856496 -0.000000000000 1.000000000000 -0.000000000000 -0.500000000000 -0.143492621991 -0.000000000000 0.989651386820 0.368989264703
2680000.000000000000 0.972222222222 1.458333333333 0.500000000000 0.500000000000 1920.000000000000 1080.000000000000 0.989335979535 -0.000000000000 0.145651363185 -0.282270219065 -0.000000000000 1.000000000000 -0.000000000000 -0.500000000000 -0.145651363185 -0.000000000000 0.989335979535 0.382694098491
2720000.000000000000 0.972222222222 1.458333333333 0.500000000000 0.500000000000 1920.000000000000 1080.000000000000 0.989015863362 -0.000000000000 0.147809411130 -0.284532100631 -0.000000000000 1.000000000000 -0.000000000000 -0.500000000000 -0.147809411130 -0.000000000000 0.989015863362 0.396410750793
2760000.000000000000 0.972222222222 1.458333333333 0.500000000000 0.500000000000 1920.000000000000 1080.000000000000 0.988691039824 -0.000000000000 0.149966755554 -0.286735460837 -0.000000000000 1.000000000000 -0.000000000000 -0.500000000000 -0.149966755554 -0.000000000000 0.988691039824 0.410139031437
2800000.000000000000 0.972222222222 1.458333333333 0.500000000000 0.500000000000 1920.000000000000 1080.000000000000 0.988361510468 -0.000000000000 0.152123386190 -0.288880259717 -0.000000000000 1.000000000000 -0.000000000000 -0.500000000000 -0.152123386190 -0.000000000000 0.988361510468 0.423878750512
2840000.000000000000 0.972222222222 1.458333333333 0.500000000000 0.500000000000 1920.000000000000 1080.000000000000 0.988027276861 -0.000000000000 0.154279292772 -0.290966458213 -0.000000000000 1.000000000000 -0.000000000000 -0.500000000000 -0.154279292772 -0.000000000000 0.988027276861 0.437629717640
2880000.000000000000 0.972222222222 1.458333333333 0.500000000000 0.500000000000 1920.000000000000 1080.000000000000 0.987688340595 -0.000000000000 0.156434465040 -0.292994017363 -0.000000000000 1.000000000000 -0.000000000000 -0.500000000000 -0.156434465040 -0.000000000000 0.987688340595 0.451391742660
2920000.000000000000 0.972222222222 1.458333333333 0.500000000000 0.500000000000 1920.000000000000 1080.000000000000 0.987344703283 -0.000000000000 0.158588892735 -0.294962899196 -0.000000000000 1.000000000000 -0.000000000000 -0.500000000000 -0.158588892735 -0.000000000000 0.987344703283 0.465164635060
2960000.000000000000 0.972222222222 1.458333333333 0.500000000000 0.500000000000 1920.000000000000 1080.000000000000 0.986996366560 -0.000000000000 0.160742565604 -0.296873065884 -0.000000000000 1.000000000000 -0.000000000000 -0.500000000000 -0.160742565604 -0.000000000000 0.986996366560 0.478948204254
3000000.000000000000 0.972222222222 1.458333333333 0.500000000000 0.500000000000 1920.000000000000 1080.000000000000 0.986643332085 -0.000000000000 0.162895473395 -0.298724480545 -0.000000000000 1.000000000000 -0.000000000000 -0.500000000000 -0.162895473395 -0.000000000000 0.986643332085 0.492742259602
3040000.000000000000 0.972222222222 1.458333333333 0.500000000000 0.500000000000 1920.000000000000 1080.000000000000 0.986285601537 -0.000000000000 0.165047605861 -0.300517106440 -0.000000000000 1.000000000000 -0.000000000000 -0.500000000000 -0.165047605861 -0.000000000000 0.986285601537 0.506546610393
3080000.000000000000 0.972222222222 1.458333333333 0.500000000000 0.500000000000 1920.000000000000 1080.000000000000 0.985923176620 -0.000000000000 0.167198952759 -0.302250907727 -0.000000000000 1.000000000000 -0.000000000000 -0.500000000000 -0.167198952759 -0.000000000000 0.985923176620 0.520361065556
3120000.000000000000 0.972222222222 1.458333333333 0.500000000000 0.500000000000 1920.000000000000 1080.000000000000 0.985556059058 -0.000000000000 0.169349503849 -0.303925848952 -0.000000000000 1.000000000000 -0.000000000000 -0.500000000000 -0.169349503849 -0.000000000000 0.985556059058 0.534185434292
3160000.000000000000 0.972222222222 1.458333333333 0.500000000000 0.500000000000 1920.000000000000 1080.000000000000 0.985184250599 -0.000000000000 0.171499248896 -0.305541895283 -0.000000000000 1.000000000000 -0.000000000000 -0.500000000000 -0.171499248896 -0.000000000000 0.985184250599 0.548019525301
