source:translation:configs/../inputs/sh0031_split-TR_.asci rotation:configs/../inputs/sh0031_split-ROT_.asci fps:25.0 fx:0.9305555555555556 fy:1.3958333333333333 cx:0.5 cy:0.5 width:1920 height:1080 unit_scale:1
0.000000000000 0.930555555556 1.395833333333 0.500000000000 0.500000000000 1920.000000000000 1080.000000000000 0.268893538147 0.010473066473 -0.963112963271 2.381789615552 -0.021849301174 0.999749890039 0.004771310668 -1.566769098650 0.962922049379 0.019760370592 0.269055114378 2.629606154390
40000.000000000000 0.930555555556 1.395833333333 0.500000000000 0.500000000000 1920.000000000000 1080.000000000000 0.268600218583 0.010288325291 -0.963196798655 2.399789487345 -0.022141105891 0.999744708462 0.004504368051 -1.567652741638 0.962997245067 0.020116368070 0.268759442119 2.679445618365
80000.000000000000 0.930555555556 1.395833333333 0.500000000000 0.500000000000 1920.000000000000 1080.000000000000 0.268332096094 0.010018098064 -0.963274376238 2.417973941283 -0.022316315685 0.999742217935 0.004180877134 -1.568021965975 0.963067945817 0.020374871547 0.268486491930 2.729400469883
120000.000000000000 0.930555555556 1.395833333333 0.500000000000 0.500000000000 1920.000000000000 1080.000000000000 0.268100893013 0.009892143272 -0.963340052457 2.436030594935 -0.022611202925 0.999736439232 0.003973106262 -1.568925200966 0.963125456349 0.020717084075 0.268253905394 2.779145412835
160000.000000000000 0.930555555556 1.395833333333 0.500000000000 0.500000000000 1920.000000000000 1080.000000000000 0.267773113654 0.009591793122 -0.963434251575 2.454054993053 -0.022808619564 0.999733317947 0.003613842956 -1.569158438874 0.963211984185 0.021006915339 0.267920478931 2.829267254050
200000.000000000000 0.930555555556 1.395833333333 0.500000000000 0.500000000000 1920.000000000000 1080.000000000000 0.267525482916 0.009337622864 -0.963505539574 2.472229314840 -0.022882632836 0.999732595181 0.003335153154 -1.568960101686 0.963279035952 0.021155305040 0.267667614708 2.879458514308
240000.000000000000 0.930555555556 1.395833333333 0.500000000000 0.500000000000 1920.000000000000 1080.000000000000 0.267104913305 0.009130345821 -0.963624201685 2.489777908784 -0.022965622374 0.999731428328 0.003106670723 -1.568694604478 0.963393764500 0.021300422512 0.267242860566 2.930176816211
280000.000000000000 0.930555555556 1.395833333333 0.500000000000 0.500000000000 1920.000000000000 1080.000000000000 0.266318468799 0.008958899421 -0.963843457880 2.506070163272 -0.023165711341 0.999727457240 0.002891549392 -1.568672097043 0.963606674424 0.021558046316 0.266453424907 2.981779626156
320000.000000000000 0.930555555556 1.395833333333 0.500000000000 0.500000000000 1920.000000000000 1080.000000000000 0.264343247868 0.009072413607 -0.964385990472 2.518034184786 -0.023169814452 0.999726879357 0.003053913855 -1.568374792310 0.964150303119 0.021537362952 0.264481256410 3.037072009362
360000.000000000000 0.930555555556 1.395833333333 0.500000000000 0.500000000000 1920.000000000000 1080.000000000000 0.262444749227 0.009178075534 -0.964903371604 2.529983602851 -0.022679075216 0.999737214391 0.003340914288 -1.566287247474 0.964680472048 0.021006310728 0.262583932790 3.093172188063
400000.000000000000 0.930555555556 1.395833333333 0.500000000000 0.500000000000 1920.000000000000 1080.000000000000 0.260857399070 0.009018189856 -0.965335221362 2.543057221803 -0.022621220886 0.999738900048 0.003226777905 -1.564937746529 0.965112272078 0.020995332380 0.260993291681 3.147888746099
440000.000000000000 0.930555555556 1.395833333333 0.500000000000 0.500000000000 1920.000000000000 1080.000000000000 0.258342749551 0.008464027685 -0.966016244165 2.553314778980 -0.022736184508 0.999737909749 0.002679127749 -1.563404631102 0.965785736936 0.021271390336 0.258467480130 3.204914062197
480000.000000000000 0.930555555556 1.395833333333 0.500000000000 0.500000000000 1920.000000000000 1080.000000000000 0.255755928232 0.007803671836 -0.966709888167 2.563048128909 -0.022756305399 0.999738940339 0.002049813109 -1.561323542706 0.966473515281 0.021474493593 0.255866743416 3.262580479929
520000.000000000000 0.930555555556 1.395833333333 0.500000000000 0.500000000000 1920.000000000000 1080.000000000000 0.253462005582 0.007558623314 -0.967315811377 2.572702036104 -0.023003588763 0.999733789982 0.001784396956 -1.560718536188 0.967071789802 0.021799458297 0.253568406919 3.319624400833
560000.000000000000 0.930555555556 1.395833333333 0.500000000000 0.500000000000 1920.000000000000 1080.000000000000 0.251431896741 0.007528696410 -0.967845710861 2.582489364463 -0.022772369718 0.999738944103 0.001860865702 -1.558892154904 0.967607058924 0.021572259365 0.251537705220 3.377234728851
600000.000000000000 0.930555555556 1.395833333333 0.500000000000 0.500000000000 1920.000000000000 1080.000000000000 0.249438606313 0.007411918591 -0.968362248925 2.592053970259 -0.022933634383 0.999735467369 0.001744619950 -1.558404968981 0.968119016493 0.021772890198 0.249542603893 3.434564787744
640000.000000000000 0.930555555556 1.395833333333 0.500000000000 0.500000000000 1920.000000000000 1080.000000000000 0.247568197220 0.007351775544 -0.968842577059 2.601466102829 -0.022537318438 0.999744332431 0.001827306809 -1.556190981457 0.968608309382 0.021382730623 0.247670591367 3.493027964271
680000.000000000000 0.930555555556 1.395833333333 0.500000000000 0.500000000000 1920.000000000000 1080.000000000000 0.246953842050 0.006756042602 -0.969003692349 2.615769683249 -0.021603084359 0.999765552924 0.001464900492 -1.551209300067 0.968786409196 0.020571705705 0.247041895802 3.549386337170
720000.000000000000 0.930555555556 1.395833333333 0.500000000000 0.500000000000 1920.000000000000 1080.000000000000 0.246414018800 0.006460445171 -0.969143123582 2.629479593166 -0.021705143331 0.999763759015 0.001145823898 -1.550724694809 0.968921574789 0.020753043334 0.246496030598 3.604624880076
760000.000000000000 0.930555555556 1.395833333333 0.500000000000 0.500000000000 1920.000000000000 1080.000000000000 0.245820447593 0.006187120327 -0.969295634514 2.642500902890 -0.022211637337 0.999753010956 0.000748499754 -1.552073926762 0.969060860169 0.021345646561 0.245897158708 3.660056781662
800000.000000000000 0.930555555556 1.395833333333 0.500000000000 0.500000000000 1920.000000000000 1080.000000000000 0.245343527245 0.005980904771 -0.969417754334 2.655398305389 -0.022586686666 0.999744786212 0.000451694829 -1.553349924456 0.969173047100 0.021785114663 0.245416001016 3.716108177242
840000.000000000000 0.930555555556 1.395833333333 0.500000000000 0.500000000000 1920.000000000000 1080.000000000000 0.244866137908 0.005749789100 -0.969539846748 2.667861301310 -0.022955896477 0.999736470085 0.000131146900 -1.554867884444 0.969285098061 0.022224542918 0.244933599919 3.772855474410
880000.000000000000 0.930555555556 1.395833333333 0.500000000000 0.500000000000 1920.000000000000 1080.000000000000 0.244514342686 0.005556737361 -0.969629753510 2.680311512109 -0.023536849193 0.999722948735 -0.000206160494 -1.557587125834 0.969359970780 0.022872438479 0.244577387767 3.829580974083
920000.000000000000 0.930555555556 1.395833333333 0.500000000000 0.500000000000 1920.000000000000 1080.000000000000 0.243891831800 0.005356953012 -0.969787645537 2.691264243899 -0.024318292658 0.999704090360 -0.000593599132 -1.561434861789 0.969497496141 0.023728353760 0.243949933807 3.887314939713
960000.000000000000 0.930555555556 1.395833333333 0.500000000000 0.500000000000 1920.000000000000 1080.000000000000 0.243208091027 0.004790417924 -0.969962306667 2.702106022961 -0.024606786998 0.999696447255 -0.001232631314 -1.562995630313 0.969661967127 0.024167441785 0.243252141336 3.946391654596
1000000.000000000000 0.930555555556 1.395833333333 0.500000000000 0.500000000000 1920.000000000000 1080.000000000000 0.242683389334 0.004273664686 -0.970096133552 2.713199215182 -0.024875334939 0.999688906291 -0.001818887177 -1.564830865530 0.969786569433 0.024572879950 0.242714200898 4.005470177722
1040000.000000000000 0.930555555556 1.395833333333 0.500000000000 0.500000000000 1920.000000000000 1080.000000000000 0.242118408584 0.003747023265 -0.970239473554 2.723893523379 -0.025074727176 0.999682706987 -0.002396541001 -1.566626590655 0.969922643452 0.024908736788 0.242135541691 4.065067186787
1080000.000000000000 0.930555555556 1.395833333333 0.500000000000 0.500000000000 1920.000000000000 1080.000000000000 0.240863470890 0.002710111448 -0.970555224439 2.732204551869 -0.025380170597 0.999671719350 -0.003507203016 -1.568275027294 0.970227105028 0.025477614261 0.240853183164 4.126485550622
1120000.000000000000 0.930555555556 1.395833333333 0.500000000000 0.500000000000 1920.000000000000 1080.000000000000 0.239063052004 0.001687053802 -0.971002580334 2.737942442290 -0.026013262840 0.999650700377 -0.004667696651 -1.571623405767 0.970655534844 0.026374819148 0.239023433144 4.189068690005
1160000.000000000000 0.930555555556 1.395833333333 0.500000000000 0.500000000000 1920.000000000000 1080.000000000000 0.236689934593 0.000925869904 -0.971584796931 2.740587705718 -0.026690693030 0.999628335438 -0.005549585187 -1.575890656160 0.971218555099 0.027245802523 0.236626677442 4.253378760885
1200000.000000000000 0.930555555556 1.395833333333 0.500000000000 0.500000000000 1920.000000000000 1080.000000000000 0.234208221223 0.000288744957 -0.972186415117 2.742363493665 -0.027062942654 0.999614362535 -0.006222808671 -1.579241876273 0.971809706808 0.027767658151 0.234125716047 4.318585642298
1240000.000000000000 0.930555555556 1.395833333333 0.500000000000 0.500000000000 1920.000000000000 1080.000000000000 0.231767340721 0.000096069873 -0.972771242660 2.743493617706 -0.027511115286 0.999600649989 -0.006455933571 -1.583832699716 0.972382146232 0.028258296359 0.231677427421 4.383715014164
1280000.000000000000 0.930555555556 1.395833333333 0.500000000000 0.500000000000 1920.000000000000 1080.000000000000 0.228769642800 0.000432670704 -0.973480489445 2.741116068183 -0.027854910632 0.999593354067 -0.006101676674 -1.588979668864 0.973081987546 0.028512090428 0.228688666559 4.450747637882
1320000.000000000000 0.930555555556 1.395833333333 0.500000000000 0.500000000000 1920.000000000000 1080.000000000000 0.224781259901 0.000432754881 -0.974409153241 2.734347746861 -0.027944213001 0.999591462849 -0.006002362869 -1.592473642221 0.974008473350 0.028578315616 0.224701521400 4.520861130348
1360000.000000000000 0.930555555556 1.395833333333 0.500000000000 0.500000000000 1920.000000000000 1080.000000000000 0.220845855224 0.000095554890 -0.975308719893 2.727931528364 -0.027584623862 0.999600564055 -0.006148241068 -1.593254620480 0.974918559038 0.028261337745 0.220760277296 4.591395824510
1400000.000000000000 0.930555555556 1.395833333333 0.500000000000 0.500000000000 1920.000000000000 1080.000000000000 0.217016153251 -0.000452752873 -0.976167907812 2.721919507229 -0.027880508321 0.999589064048 -0.006661853391 -1.596677992322 0.975769781498 0.028661787273 0.216914350532 4.660403677445
1440000.000000000000 0.930555555556 1.395833333333 0.500000000000 0.500000000000 1920.000000000000 1080.000000000000 0.213646587858 -0.000856032113 -0.976910642129 2.717508983644 -0.028019340114 0.999582845931 -0.007003620526 -1.599485194736 0.976509115204 0.028868691170 0.213533478859 4.728286680180
1480000.000000000000 0.930555555556 1.395833333333 0.500000000000 0.500000000000 1920.000000000000 1080.000000000000 0.210892304873 -0.001142025233 -0.977508635012 2.715563031026 -0.027640100005 0.999592503609 -0.007131030877 -1.599784709797 0.977118447588 0.028522315965 0.210774801328 4.795165125128
1520000.000000000000 0.930555555556 1.395833333333 0.500000000000 0.500000000000 1920.000000000000 1080.000000000000 0.208475230650 -0.001491062648 -0.978026510345 2.715034914606 -0.026801428742 0.999614580763 -0.007236942892 -1.597450686445 0.977660350849 0.027721231163 0.208354917677 4.861640905334
1560000.000000000000 0.930555555556 1.395833333333 0.500000000000 0.500000000000 1920.000000000000 1080.000000000000 0.206383532775 -0.002094970631 -0.978468930778 2.716176272879 -0.025907492022 0.999635417775 -0.007604826619 -1.594089914923 0.978128130286 0.026919187001 0.206254013572 4.927012602125
1600000.000000000000 0.930555555556 1.395833333333 0.500000000000 0.500000000000 1920.000000000000 1080.000000000000 0.205089515907 -0.002580821958 -0.978739817226 2.720900031863 -0.025286401944 0.999648758457 -0.007934582064 -1.591958338668 0.978416520886 0.026376108012 0.204952220247 4.989518364618
1640000.000000000000 0.930555555556 1.395833333333 0.500000000000 0.500000000000 1920.000000000000 1080.000000000000 0.203308768701 -0.002627371147 -0.979111148691 2.722178921820 -0.025930080861 0.999631211469 -0.008066719519 -1.596817354969 0.978771257994 0.027028466070 0.203165662812 5.051208827094
1680000.000000000000 0.930555555556 1.395833333333 0.500000000000 0.500000000000 1920.000000000000 1080.000000000000 0.201703161545 -0.002411339295 -0.979443729913 2.723644469022 -0.026277060135 0.999623699711 -0.007872425722 -1.600418645078 0.979094148044 0.027324794947 0.201563897679 5.112744790374
1720000.000000000000 0.930555555556 1.395833333333 0.500000000000 0.500000000000 1920.000000000000 1080.000000000000 0.201079274906 -0.002683253101 -0.979571296719 2.730705630669 -0.025810941961 0.999634538246 -0.008036493101 -1.598697200392 0.979234864820 0.026899630092 0.200936530832 5.172543435821
1760000.000000000000 0.930555555556 1.395833333333 0.500000000000 0.500000000000 1920.000000000000 1080.000000000000 0.200767699114 -0.003057940486 -0.979634105160 2.739366784837 -0.025510965551 0.999639680474 -0.008348644114 -1.597429962317 0.979306653520 0.026667549979 0.200617347577 5.230984879380
1800000.000000000000 0.930555555556 1.395833333333 0.500000000000 0.500000000000 1920.000000000000 1080.000000000000 0.200334943118 -0.003372454145 -0.979721663086 2.747089979913 -0.025715442973 0.999631450991 -0.008699320794 -1.598788317292 0.979389925698 0.026936754493 0.200174385721 5.288787536429
1840000.000000000000 0.930555555556 1.395833333333 0.500000000000 0.500000000000 1920.000000000000 1080.000000000000 0.200013424862 -0.003631424655 -0.979786427049 2.755156797359 -0.026150371266 0.999617115501 -0.009043256073 -1.601375111877 0.979444121917 0.027430551447 0.199841879719 5.345757294423
1880000.000000000000 0.930555555556 1.395833333333 0.500000000000 0.500000000000 1920.000000000000 1080.000000000000 0.199816025978 -0.003938719097 -0.979825516229 2.763842369670 -0.026419869468 0.999606681054 -0.009406045357 -1.602906529786 0.979477180061 0.027766340844 0.199633374104 5.402482230009
1920000.000000000000 0.930555555556 1.395833333333 0.500000000000 0.500000000000 1920.000000000000 1080.000000000000 0.199609125177 -0.004365949658 -0.979865876347 2.772571429990 -0.026234815713 0.999607787705 -0.009798224558 -1.601666376582 0.979524339458 0.027662415721 0.199416296139 5.459795780170
1960000.000000000000 0.930555555556 1.395833333333 0.500000000000 0.500000000000 1920.000000000000 1080.000000000000 0.199574146769 -0.004851791449 -0.979870715993 2.782348211008 -0.025875705936 0.999612927346 -0.010219751671 -1.599286965530 0.979541018939 0.027394444723 0.199371353546 5.516738706256
2000000.000000000000 0.930555555556 1.395833333333 0.500000000000 0.500000000000 1920.000000000000 1080.000000000000 0.199438388493 -0.005277249783 -0.979896157677 2.791547708865 -0.025342652925 0.999623242559 -0.010541483726 -1.595985712108 0.979582604551 0.026935544754 0.199229509086 5.574114781338
2040000.000000000000 0.930555555556 1.395833333333 0.500000000000 0.500000000000 1920.000000000000 1080.000000000000 0.199369520255 -0.005627067247 -0.979908225553 2.801192051723 -0.025335934792 0.999619621904 -0.010895040699 -1.595808979650 0.979596797055 0.026999029942 0.199151117448 5.630313098037
2080000.000000000000 0.930555555556 1.395833333333 0.500000000000 0.500000000000 1920.000000000000 1080.000000000000 0.199246128148 -0.005999484999 -0.979931113190 2.810821469473 -0.025186863767 0.999619556450 -0.011241185703 -1.594837626967 0.979625746044 0.026921154176 0.199019218033 5.686756946465
2120000.000000000000 0.930555555556 1.395833333333 0.500000000000 0.500000000000 1920.000000000000 1080.000000000000 0.199034454148 -0.006240751582 -0.979972621598 2.820097885373 -0.025115844758 0.999618779107 -0.011466943751 -1.594617278008 0.979670597907 0.026895157121 0.198801836307 5.743240733934
2160000.000000000000 0.930555555556 1.395833333333 0.500000000000 0.500000000000 1920.000000000000 1080.000000000000 0.198823892852 -0.006444653189 -0.980014043816 2.829757986267 -0.024965053071 0.999620574173 -0.011638462765 -1.594081884938 0.979717207033 0.026780107088 0.198587562823 5.799761420637
2200000.000000000000 0.930555555556 1.395833333333 0.500000000000 0.500000000000 1920.000000000000 1080.000000000000 0.198499656117 -0.006445669805 -0.980079761990 2.838938558824 -0.024806884719 0.999624976840 -0.011598454592 -1.593934817584 0.979786969189 0.026615014919 0.198265317161 5.856601250595
2240000.000000000000 0.930555555556 1.395833333333 0.500000000000 0.500000000000 1920.000000000000 1080.000000000000 0.198200445587 -0.006502582004 -0.980139938884 2.848880462426 -0.024352685440 0.999636631639 -0.011556443961 -1.591996343314 0.979858933766 0.026159531961 0.197970070482 5.913785356308
2280000.000000000000 0.930555555556 1.395833333333 0.500000000000 0.500000000000 1920.000000000000 1080.000000000000 0.197876489783 -0.006655013154 -0.980204369298 2.859358389070 -0.023934662155 0.999646005467 -0.011618765028 -1.590165897802 0.979934705344 0.025759940861 0.197647157096 5.970930883959
2320000.000000000000 0.930555555556 1.395833333333 0.500000000000 0.500000000000 1920.000000000000 1080.000000000000 0.197490501264 -0.006879570072 -0.980280660539 2.870094226905 -0.023762568888 0.999647955471 -0.011802772679 -1.589763925654 0.980016756097 0.025624922219 0.197257499556 6.027829547713
2360000.000000000000 0.930555555556 1.395833333333 0.500000000000 0.500000000000 1920.000000000000 1080.000000000000 0.197099320503 -0.007082003201 -0.980357946409 2.881262418967 -0.023757126939 0.999645764713 -0.011997666898 -1.590474053864 0.980095636546 0.025655220172 0.196861252919 6.084480447291
2400000.000000000000 0.930555555556 1.395833333333 0.500000000000 0.500000000000 1920.000000000000 1080.000000000000 0.196643914758 -0.007121597620 -0.980449108132 2.892231244825 -0.023697661216 0.999646980399 -0.012013968222 -1.591158363387 0.980188549026 0.025596824547 0.196405730394 6.141458373267
2440000.000000000000 0.930555555556 1.395833333333 0.500000000000 0.500000000000 1920.000000000000 1080.000000000000 0.196027700344 -0.006867535950 -0.980574310110 2.902115326740 -0.023312111151 0.999660219069 -0.011661555798 -1.590291088925 0.980321215812 0.025145245275 0.195800997108 6.199528577685
2480000.000000000000 0.930555555556 1.395833333333 0.500000000000 0.500000000000 1920.000000000000 1080.000000000000 0.195328423918 -0.006447185947 -0.980716697422 2.911488974940 -0.023273365228 0.999666320084 -0.011207094188 -1.591882096829 0.980461706178 0.025013641928 0.195113199033 6.257342253323
2520000.000000000000 0.930555555556 1.395833333333 0.500000000000 0.500000000000 1920.000000000000 1080.000000000000 0.194635492592 -0.006216985254 -0.980855939533 2.921349609960 -0.023285794794 0.999668803894 -0.010956928454 -1.593482893943 0.980599202929 0.024972617297 0.194426262632 6.315029105125
2560000.000000000000 0.930555555556 1.395833333333 0.500000000000 0.500000000000 1920.000000000000 1080.000000000000 0.194088569487 -0.006389376432 -0.980963201687 2.932841335589 -0.023326411174 0.999665984611 -0.011126443927 -1.594588112109 0.980706635919 0.025041866574 0.193874699696 6.372161475005
2600000.000000000000 0.930555555556 1.395833333333 0.500000000000 0.500000000000 1920.000000000000 1080.000000000000 0.193639705692 -0.006531542531 -0.981050968774 2.944983527291 -0.023345175608 0.999664013641 -0.011263330150 -1.595602167896 0.980794915951 0.025083835081 0.193422165385 6.429075855867
2640000.000000000000 0.930555555556 1.395833333333 0.500000000000 0.500000000000 1920.000000000000 1080.000000000000 0.193038137951 -0.006498216213 -0.981169735817 2.955865946427 -0.023117109840 0.999670373451 -0.011168870855 -1.595299385032 0.980918893961 0.024837826588 0.192824287478 6.486935942139
2680000.000000000000 0.930555555556 1.395833333333 0.500000000000 0.500000000000 1920.000000000000 1080.000000000000 0.192512433092 -0.006643209995 -0.981272047327 2.967472299587 -0.023012662682 0.999671506751 -0.011282550502 -1.595520902826 0.981024658437 0.024753713873 0.192296316106 6.544373642314
2720000.000000000000 0.930555555556 1.395833333333 0.500000000000 0.500000000000 1920.000000000000 1080.000000000000 0.192073055575 -0.006613707130 -0.981358344439 2.979362437276 -0.023034008035 0.999671433986 -0.011245378876 -1.596914547446 0.981110277082 0.024764550273 0.191857606714 6.601441430979
2760000.000000000000 0.930555555556 1.395833333333 0.500000000000 0.500000000000 1920.000000000000 1080.000000000000 0.191310662077 -0.006307906291 -0.981509266841 2.988612356103 -0.022985495504 0.999676322976 -0.010904874045 -1.598385784803 0.981260361765 0.024646695514 0.191103748860 6.659725099293
2800000.000000000000 0.930555555556 1.395833333333 0.500000000000 0.500000000000 1920.000000000000 1080.000000000000 0.190490228924 -0.005893936526 -0.981671398278 2.997246661543 -0.023009921598 0.999680440971 -0.010467064963 -1.600624878798 0.981419388535 0.024582055510 0.190293737034 6.718140562899
2840000.000000000000 0.930555555556 1.395833333333 0.500000000000 0.500000000000 1920.000000000000 1080.000000000000 0.189802879013 -0.005698129469 -0.981805682627 3.007079580355 -0.023012731175 0.999682618226 -0.010250708257 -1.602446552758 0.981552485261 0.024539644179 0.189611509517 6.776160973927
2880000.000000000000 0.930555555556 1.395833333333 0.500000000000 0.500000000000 1920.000000000000 1080.000000000000 0.188958482010 -0.005502664848 -0.981969659794 3.015826153580 -0.023041417936 0.999684138546 -0.010035746041 -1.604566176669 0.981714716777 0.024522312670 0.188772008109 6.834631173871
2920000.000000000000 0.930555555556 1.395833333333 0.500000000000 0.500000000000 1920.000000000000 1080.000000000000 0.187974739186 -0.005464748162 -0.982158660276 3.023851292024 -0.022617180779 0.999695269093 -0.009891010419 -1.603359064095 0.981913418058 0.024072920077 0.187793860276 6.894221652079
2960000.000000000000 0.930555555556 1.395833333333 0.500000000000 0.500000000000 1920.000000000000 1080.000000000000 0.187189491229 -0.005543156834 -0.982308183711 3.033517723261 -0.022140048213 0.999706252633 -0.009860360595 -1.601624062707 0.982074290794 0.023594106430 0.187011779049 6.953226469518
3000000.000000000000 0.930555555556 1.395833333333 0.500000000000 0.500000000000 1920.000000000000 1080.000000000000 0.185891349837 -0.005584040659 -0.982554438464 3.039575285992 -0.022083146254 0.999707519906 -0.009859477425 -1.603004681088 0.982322116572 0.023530684935 0.185713667131 7.013095223158
3040000.000000000000 0.930555555556 1.395833333333 0.500000000000 0.500000000000 1920.000000000000 1080.000000000000 0.183224701782 -0.005019553145 -0.983058244838 3.034956489372 -0.022394562491 0.999706153244 -0.009278509435 -1.608188786441 0.982815950332 0.023715211421 0.183058451101 7.076687396746
3080000.000000000000 0.930555555556 1.395833333333 0.500000000000 0.500000000000 1920.000000000000 1080.000000000000 0.180546062898 -0.004318504308 -0.983557049536 3.030011352582 -0.022208524155 0.999717512942 -0.008466154545 -1.610074208342 0.983315768523 0.023371881363 0.180399153365 7.141091711925
3120000.000000000000 0.930555555556 1.395833333333 0.500000000000 0.500000000000 1920.000000000000 1080.000000000000 0.178479055798 -0.003752919293 -0.983936553970 3.029736189952 -0.022070673814 0.999725855444 -0.007816605087 -1.612043048308 0.983696148208 0.023111243032 0.178347297279 7.203425607711
3160000.000000000000 0.930555555556 1.395833333333 0.500000000000 0.500000000000 1920.000000000000 1080.000000000000 0.176091824078 -0.003031692579 -0.984369076278 3.026912836905 -0.022145208063 0.999729974006 -0.007040513759 -1.615825773725 0.984124615713 0.023038834916 0.175977137245 7.266356895349
