source:translation:configs/../inputs/sh0031_split-TR_.asci rotation:configs/../inputs/sh0031_split-ROT_.asci fps:25.0 fx:0.9305555555555556 fy:1.3958333333333333 cx:0.5 cy:0.5 width:1920 height:1080 unit_scale:1.5
0.000000000000 0.930555555556 1.395833333333 0.500000000000 0.500000000000 1920.000000000000 1080.000000000000 0.268893538147 0.010473066473 -0.963112963271 3.572684423328 -0.021849301174 0.999749890039 0.004771310668 -2.350153647975 0.962922049379 0.019760370592 0.269055114378 3.944409231585
40000.000000000000 0.930555555556 1.395833333333 0.500000000000 0.500000000000 1920.000000000000 1080.000000000000 0.268600218583 0.010288325291 -0.963196798655 3.599684231017 -0.022141105891 0.999744708462 0.004504368051 -2.351479112457 0.962997245067 0.020116368070 0.268759442119 4.019168427548
80000.000000000000 0.930555555556 1.395833333333 0.500000000000 0.500000000000 1920.000000000000 1080.000000000000 0.268332096094 0.010018098064 -0.963274376238 3.626960911924 -0.022316315685 0.999742217935 0.004180877134 -2.352032948962 0.963067945817 0.020374871547 0.268486491930 4.094100704824
120000.000000000000 0.930555555556 1.395833333333 0.500000000000 0.500000000000 1920.000000000000 1080.000000000000 0.268100893013 0.009892143272 -0.963340052457 3.654045892403 -0.022611202925 0.999736439232 0.003973106262 -2.353387801449 0.963125456349 0.020717084075 0.268253905394 4.168718119253
160000.000000000000 0.930555555556 1.395833333333 0.500000000000 0.500000000000 1920.000000000000 1080.000000000000 0.267773113654 0.009591793122 -0.963434251575 3.681082489579 -0.022808619564 0.999733317947 0.003613842956 -2.353737658311 0.963211984185 0.021006915339 0.267920478931 4.243900881075
200000.000000000000 0.930555555556 1.395833333333 0.500000000000 0.500000000000 1920.000000000000 1080.000000000000 0.267525482916 0.009337622864 -0.963505539574 3.708343972260 -0.022882632836 0.999732595181 0.003335153154 -2.353440152529 0.963279035952 0.021155305040 0.267667614708 4.319187771462
240000.000000000000 0.930555555556 1.395833333333 0.500000000000 0.500000000000 1920.000000000000 1080.000000000000 0.267104913305 0.009130345821 -0.963624201685 3.734666863176 -0.022965622374 0.999731428328 0.003106670723 -2.353041906717 0.963393764500 0.021300422512 0.267242860566 4.395265224317
280000.000000000000 0.930555555556 1.395833333333 0.500000000000 0.500000000000 1920.000000000000 1080.000000000000 0.266318468799 0.008958899421 -0.963843457880 3.759105244907 -0.023165711341 0.999727457240 0.002891549392 -2.353008145565 0.963606674424 0.021558046316 0.266453424907 4.472669439234
320000.000000000000 0.930555555556 1.395833333333 0.500000000000 0.500000000000 1920.000000000000 1080.000000000000 0.264343247868 0.009072413607 -0.964385990472 3.777051277178 -0.023169814452 0.999726879357 0.003053913855 -2.352562188465 0.964150303119 0.021537362952 0.264481256410 4.555608014043
360000.000000000000 0.930555555556 1.395833333333 0.500000000000 0.500000000000 1920.000000000000 1080.000000000000 0.262444749227 0.009178075534 -0.964903371604 3.794975404276 -0.022679075216 0.999737214391 0.003340914288 -2.349430871210 0.964680472048 0.021006310728 0.262583932790 4.639758282094
400000.000000000000 0.930555555556 1.395833333333 0.500000000000 0.500000000000 1920.000000000000 1080.000000000000 0.260857399070 0.009018189856 -0.965335221362 3.814585832705 -0.022621220886 0.999738900048 0.003226777905 -2.347406619793 0.965112272078 0.020995332380 0.260993291681 4.721833119149
440000.000000000000 0.930555555556 1.395833333333 0.500000000000 0.500000000000 1920.000000000000 1080.000000000000 0.258342749551 0.008464027685 -0.966016244165 3.829972168470 -0.022736184508 0.999737909749 0.002679127749 -2.345106946652 0.965785736936 0.021271390336 0.258467480130 4.807371093296
480000.000000000000 0.930555555556 1.395833333333 0.500000000000 0.500000000000 1920.000000000000 1080.000000000000 0.255755928232 0.007803671836 -0.966709888167 3.844572193364 -0.022756305399 0.999738940339 0.002049813109 -2.341985314060 0.966473515281 0.021474493593 0.255866743416 4.893870719893
520000.000000000000 0.930555555556 1.395833333333 0.500000000000 0.500000000000 1920.000000000000 1080.000000000000 0.253462005582 0.007558623314 -0.967315811377 3.859053054156 -0.023003588763 0.999733789982 0.001784396956 -2.341077804281 0.967071789802 0.021799458297 0.253568406919 4.979436601250
560000.000000000000 0.930555555556 1.395833333333 0.500000000000 0.500000000000 1920.000000000000 1080.000000000000 0.251431896741 0.007528696410 -0.967845710861 3.873734046694 -0.022772369718 0.999738944103 0.001860865702 -2.338338232357 0.967607058924 0.021572259365 0.251537705220 5.065852093276
600000.000000000000 0.930555555556 1.395833333333 0.500000000000 0.500000000000 1920.000000000000 1080.000000000000 0.249438606313 0.007411918591 -0.968362248925 3.888080955388 -0.022933634383 0.999735467369 0.001744619950 -2.337607453471 0.968119016493 0.021772890198 0.249542603893 5.151847181616
640000.000000000000 0.930555555556 1.395833333333 0.500000000000 0.500000000000 1920.000000000000 1080.000000000000 0.247568197220 0.007351775544 -0.968842577059 3.902199154244 -0.022537318438 0.999744332431 0.001827306809 -2.334286472186 0.968608309382 0.021382730623 0.247670591367 5.239541946407
680000.000000000000 0.930555555556 1.395833333333 0.500000000000 0.500000000000 1920.000000000000 1080.000000000000 0.246953842050 0.006756042602 -0.969003692349 3.923654524873 -0.021603084359 0.999765552924 0.001464900492 -2.326813950100 0.968786409196 0.020571705705 0.247041895802 5.324079505755
720000.000000000000 0.930555555556 1.395833333333 0.500000000000 0.500000000000 1920.000000000000 1080.000000000000 0.246414018800 0.006460445171 -0.969143123582 3.944219389749 -0.021705143331 0.999763759015 0.001145823898 -2.326087042213 0.968921574789 0.020753043334 0.246496030598 5.406937320114
760000.000000000000 0.930555555556 1.395833333333 0.500000000000 0.500000000000 1920.000000000000 1080.000000000000 0.245820447593 0.006187120327 -0.969295634514 3.963751354334 -0.022211637337 0.999753010956 0.000748499754 -2.328110890144 0.969060860169 0.021345646561 0.245897158708 5.490085172493
800000.000000000000 0.930555555556 1.395833333333 0.500000000000 0.500000000000 1920.000000000000 1080.000000000000 0.245343527245 0.005980904771 -0.969417754334 3.983097458083 -0.022586686666 0.999744786212 0.000451694829 -2.330024886684 0.969173047100 0.021785114663 0.245416001016 5.574162265863
840000.000000000000 0.930555555556 1.395833333333 0.500000000000 0.500000000000 1920.000000000000 1080.000000000000 0.244866137908 0.005749789100 -0.969539846748 4.001791951965 -0.022955896477 0.999736470085 0.000131146900 -2.332301826666 0.969285098061 0.022224542918 0.244933599919 5.659283211615
880000.000000000000 0.930555555556 1.395833333333 0.500000000000 0.500000000000 1920.000000000000 1080.000000000000 0.244514342686 0.005556737361 -0.969629753510 4.020467268164 -0.023536849193 0.999722948735 -0.000206160494 -2.336380688751 0.969359970780 0.022872438479 0.244577387767 5.744371461125
920000.000000000000 0.930555555556 1.395833333333 0.500000000000 0.500000000000 1920.000000000000 1080.000000000000 0.243891831800 0.005356953012 -0.969787645537 4.036896365849 -0.024318292658 0.999704090360 -0.000593599132 -2.342152292684 0.969497496141 0.023728353760 0.243949933807 5.830972409570
960000.000000000000 0.930555555556 1.395833333333 0.500000000000 0.500000000000 1920.000000000000 1080.000000000000 0.243208091027 0.004790417924 -0.969962306667 4.053159034442 -0.024606786998 0.999696447255 -0.001232631314 -2.344493445469 0.969661967127 0.024167441785 0.243252141336 5.919587481895
1000000.000000000000 0.930555555556 1.395833333333 0.500000000000 0.500000000000 1920.000000000000 1080.000000000000 0.242683389334 0.004273664686 -0.970096133552 4.069798822772 -0.024875334939 0.999688906291 -0.001818887177 -2.347246298295 0.969786569433 0.024572879950 0.242714200898 6.008205266583
1040000.000000000000 0.930555555556 1.395833333333 0.500000000000 0.500000000000 1920.000000000000 1080.000000000000 0.242118408584 0.003747023265 -0.970239473554 4.085840285068 -0.025074727176 0.999682706987 -0.002396541001 -2.349939885983 0.969922643452 0.024908736788 0.242135541691 6.097600780180
1080000.000000000000 0.930555555556 1.395833333333 0.500000000000 0.500000000000 1920.000000000000 1080.000000000000 0.240863470890 0.002710111448 -0.970555224439 4.098306827803 -0.025380170597 0.999671719350 -0.003507203016 -2.352412540941 0.970227105028 0.025477614261 0.240853183164 6.189728325933
1120000.000000000000 0.930555555556 1.395833333333 0.500000000000 0.500000000000 1920.000000000000 1080.000000000000 0.239063052004 0.001687053802 -0.971002580334 4.106913663435 -0.026013262840 0.999650700377 -0.004667696651 -2.357435108650 0.970655534844 0.026374819148 0.239023433144 6.283603035008
1160000.000000000000 0.930555555556 1.395833333333 0.500000000000 0.500000000000 1920.000000000000 1080.000000000000 0.236689934593 0.000925869904 -0.971584796931 4.110881558577 -0.026690693030 0.999628335438 -0.005549585187 -2.363835984239 0.971218555099 0.027245802523 0.236626677442 6.380068141327
1200000.000000000000 0.930555555556 1.395833333333 0.500000000000 0.500000000000 1920.000000000000 1080.000000000000 0.234208221223 0.000288744957 -0.972186415117 4.113545240498 -0.027062942654 0.999614362535 -0.006222808671 -2.368862814409 0.971809706808 0.027767658151 0.234125716047 6.477878463447
1240000.000000000000 0.930555555556 1.395833333333 0.500000000000 0.500000000000 1920.000000000000 1080.000000000000 0.231767340721 0.000096069873 -0.972771242660 4.115240426558 -0.027511115286 0.999600649989 -0.006455933571 -2.375749049574 0.972382146232 0.028258296359 0.231677427421 6.575572521247
1280000.000000000000 0.930555555556 1.395833333333 0.500000000000 0.500000000000 1920.000000000000 1080.000000000000 0.228769642800 0.000432670704 -0.973480489445 4.111674102274 -0.027854910632 0.999593354067 -0.006101676674 -2.383469503296 0.973081987546 0.028512090428 0.228688666559 6.676121456823
1320000.000000000000 0.930555555556 1.395833333333 0.500000000000 0.500000000000 1920.000000000000 1080.000000000000 0.224781259901 0.000432754881 -0.974409153241 4.101521620291 -0.027944213001 0.999591462849 -0.006002362869 -2.388710463332 0.974008473350 0.028578315616 0.224701521400 6.781291695523
1360000.000000000000 0.930555555556 1.395833333333 0.500000000000 0.500000000000 1920.000000000000 1080.000000000000 0.220845855224 0.000095554890 -0.975308719893 4.091897292546 -0.027584623862 0.999600564055 -0.006148241068 -2.389881930719 0.974918559038 0.028261337745 0.220760277296 6.887093736764
1400000.000000000000 0.930555555556 1.395833333333 0.500000000000 0.500000000000 1920.000000000000 1080.000000000000 0.217016153251 -0.000452752873 -0.976167907812 4.082879260844 -0.027880508321 0.999589064048 -0.006661853391 -2.395016988483 0.975769781498 0.028661787273 0.216914350532 6.990605516167
1440000.000000000000 0.930555555556 1.395833333333 0.500000000000 0.500000000000 1920.000000000000 1080.000000000000 0.213646587858 -0.000856032113 -0.976910642129 4.076263475466 -0.028019340114 0.999582845931 -0.007003620526 -2.399227792103 0.976509115204 0.028868691170 0.213533478859 7.092430020271
1480000.000000000000 0.930555555556 1.395833333333 0.500000000000 0.500000000000 1920.000000000000 1080.000000000000 0.210892304873 -0.001142025233 -0.977508635012 4.073344546538 -0.027640100005 0.999592503609 -0.007131030877 -2.399677064695 0.977118447588 0.028522315965 0.210774801328 7.192747687692
1520000.000000000000 0.930555555556 1.395833333333 0.500000000000 0.500000000000 1920.000000000000 1080.000000000000 0.208475230650 -0.001491062648 -0.978026510345 4.072552371909 -0.026801428742 0.999614580763 -0.007236942892 -2.396176029667 0.977660350849 0.027721231163 0.208354917677 7.292461358001
1560000.000000000000 0.930555555556 1.395833333333 0.500000000000 0.500000000000 1920.000000000000 1080.000000000000 0.206383532775 -0.002094970631 -0.978468930778 4.074264409319 -0.025907492022 0.999635417775 -0.007604826619 -2.391134872384 0.978128130286 0.026919187001 0.206254013572 7.390518903187
1600000.000000000000 0.930555555556 1.395833333333 0.500000000000 0.500000000000 1920.000000000000 1080.000000000000 0.205089515907 -0.002580821958 -0.978739817226 4.081350047794 -0.025286401944 0.999648758457 -0.007934582064 -2.387937508002 0.978416520886 0.026376108012 0.204952220247 7.484277546927
1640000.000000000000 0.930555555556 1.395833333333 0.500000000000 0.500000000000 1920.000000000000 1080.000000000000 0.203308768701 -0.002627371147 -0.979111148691 4.083268382730 -0.025930080861 0.999631211469 -0.008066719519 -2.395226032453 0.978771257994 0.027028466070 0.203165662812 7.576813240641
1680000.000000000000 0.930555555556 1.395833333333 0.500000000000 0.500000000000 1920.000000000000 1080.000000000000 0.201703161545 -0.002411339295 -0.979443729913 4.085466703533 -0.026277060135 0.999623699711 -0.007872425722 -2.400627967617 0.979094148044 0.027324794947 0.201563897679 7.669117185560
1720000.000000000000 0.930555555556 1.395833333333 0.500000000000 0.500000000000 1920.000000000000 1080.000000000000 0.201079274906 -0.002683253101 -0.979571296719 4.096058446003 -0.025810941961 0.999634538246 -0.008036493101 -2.398045800588 0.979234864820 0.026899630092 0.200936530832 7.758815153732
1760000.000000000000 0.930555555556 1.395833333333 0.500000000000 0.500000000000 1920.000000000000 1080.000000000000 0.200767699114 -0.003057940486 -0.979634105160 4.109050177256 -0.025510965551 0.999639680474 -0.008348644114 -2.396144943476 0.979306653520 0.026667549979 0.200617347577 7.846477319071
1800000.000000000000 0.930555555556 1.395833333333 0.500000000000 0.500000000000 1920.000000000000 1080.000000000000 0.200334943118 -0.003372454145 -0.979721663086 4.120634969869 -0.025715442973 0.999631450991 -0.008699320794 -2.398182475938 0.979389925698 0.026936754493 0.200174385721 7.933181304644
1840000.000000000000 0.930555555556 1.395833333333 0.500000000000 0.500000000000 1920.000000000000 1080.000000000000 0.200013424862 -0.003631424655 -0.979786427049 4.132735196038 -0.026150371266 0.999617115501 -0.009043256073 -2.402062667815 0.979444121917 0.027430551447 0.199841879719 8.018635941635
1880000.000000000000 0.930555555556 1.395833333333 0.500000000000 0.500000000000 1920.000000000000 1080.000000000000 0.199816025978 -0.003938719097 -0.979825516229 4.145763554505 -0.026419869468 0.999606681054 -0.009406045357 -2.404359794678 0.979477180061 0.027766340844 0.199633374104 8.103723345013
1920000.000000000000 0.930555555556 1.395833333333 0.500000000000 0.500000000000 1920.000000000000 1080.000000000000 0.199609125177 -0.004365949658 -0.979865876347 4.158857144985 -0.026234815713 0.999607787705 -0.009798224558 -2.402499564873 0.979524339458 0.027662415721 0.199416296139 8.189693670254
1960000.000000000000 0.930555555556 1.395833333333 0.500000000000 0.500000000000 1920.000000000000 1080.000000000000 0.199574146769 -0.004851791449 -0.979870715993 4.173522316512 -0.025875705936 0.999612927346 -0.010219751671 -2.398930448294 0.979541018939 0.027394444723 0.199371353546 8.275108059385
2000000.000000000000 0.930555555556 1.395833333333 0.500000000000 0.500000000000 1920.000000000000 1080.000000000000 0.199438388493 -0.005277249783 -0.979896157677 4.187321563297 -0.025342652925 0.999623242559 -0.010541483726 -2.393978568161 0.979582604551 0.026935544754 0.199229509086 8.361172172007
2040000.000000000000 0.930555555556 1.395833333333 0.500000000000 0.500000000000 1920.000000000000 1080.000000000000 0.199369520255 -0.005627067247 -0.979908225553 4.201788077584 -0.025335934792 0.999619621904 -0.010895040699 -2.393713469475 0.979596797055 0.026999029942 0.199151117448 8.445469647055
2080000.000000000000 0.930555555556 1.395833333333 0.500000000000 0.500000000000 1920.000000000000 1080.000000000000 0.199246128148 -0.005999484999 -0.979931113190 4.216232204210 -0.025186863767 0.999619556450 -0.011241185703 -2.392256440450 0.979625746044 0.026921154176 0.199019218033 8.530135419698
2120000.000000000000 0.930555555556 1.395833333333 0.500000000000 0.500000000000 1920.000000000000 1080.000000000000 0.199034454148 -0.006240751582 -0.979972621598 4.230146828059 -0.025115844758 0.999618779107 -0.011466943751 -2.391925917012 0.979670597907 0.026895157121 0.198801836307 8.614861100901
2160000.000000000000 0.930555555556 1.395833333333 0.500000000000 0.500000000000 1920.000000000000 1080.000000000000 0.198823892852 -0.006444653189 -0.980014043816 4.244636979401 -0.024965053071 0.999620574173 -0.011638462765 -2.391122827408 0.979717207033 0.026780107088 0.198587562823 8.699642130956
2200000.000000000000 0.930555555556 1.395833333333 0.500000000000 0.500000000000 1920.000000000000 1080.000000000000 0.198499656117 -0.006445669805 -0.980079761990 4.258407838236 -0.024806884719 0.999624976840 -0.011598454592 -2.390902226376 0.979786969189 0.026615014919 0.198265317161 8.784901875893
2240000.000000000000 0.930555555556 1.395833333333 0.500000000000 0.500000000000 1920.000000000000 1080.000000000000 0.198200445587 -0.006502582004 -0.980139938884 4.273320693640 -0.024352685440 0.999636631639 -0.011556443961 -2.387994514971 0.979858933766 0.026159531961 0.197970070482 8.870678034461
2280000.000000000000 0.930555555556 1.395833333333 0.500000000000 0.500000000000 1920.000000000000 1080.000000000000 0.197876489783 -0.006655013154 -0.980204369298 4.289037583604 -0.023934662155 0.999646005467 -0.011618765028 -2.385248846704 0.979934705344 0.025759940861 0.197647157096 8.956396325938
2320000.000000000000 0.930555555556 1.395833333333 0.500000000000 0.500000000000 1920.000000000000 1080.000000000000 0.197490501264 -0.006879570072 -0.980280660539 4.305141340358 -0.023762568888 0.999647955471 -0.011802772679 -2.384645888481 0.980016756097 0.025624922219 0.197257499556 9.041744321569
2360000.000000000000 0.930555555556 1.395833333333 0.500000000000 0.500000000000 1920.000000000000 1080.000000000000 0.197099320503 -0.007082003201 -0.980357946409 4.321893628451 -0.023757126939 0.999645764713 -0.011997666898 -2.385711080796 0.980095636546 0.025655220172 0.196861252919 9.126720670937
2400000.000000000000 0.930555555556 1.395833333333 0.500000000000 0.500000000000 1920.000000000000 1080.000000000000 0.196643914758 -0.007121597620 -0.980449108132 4.338346867237 -0.023697661216 0.999646980399 -0.012013968222 -2.386737545080 0.980188549026 0.025596824547 0.196405730394 9.212187559900
2440000.000000000000 0.930555555556 1.395833333333 0.500000000000 0.500000000000 1920.000000000000 1080.000000000000 0.196027700344 -0.006867535950 -0.980574310110 4.353172990110 -0.023312111151 0.999660219069 -0.011661555798 -2.385436633387 0.980321215812 0.025145245275 0.195800997108 9.299292866527
2480000.000000000000 0.930555555556 1.395833333333 0.500000000000 0.500000000000 1920.000000000000 1080.000000000000 0.195328423918 -0.006447185947 -0.980716697422 4.367233462411 -0.023273365228 0.999666320084 -0.011207094188 -2.387823145244 0.980461706178 0.025013641928 0.195113199033 9.386013379985
2520000.000000000000 0.930555555556 1.395833333333 0.500000000000 0.500000000000 1920.000000000000 1080.000000000000 0.194635492592 -0.006216985254 -0.980855939533 4.382024414939 -0.023285794794 0.999668803894 -0.010956928454 -2.390224340914 0.980599202929 0.024972617297 0.194426262632 9.472543657687
2560000.000000000000 0.930555555556 1.395833333333 0.500000000000 0.500000000000 1920.000000000000 1080.000000000000 0.194088569487 -0.006389376432 -0.980963201687 4.399262003384 -0.023326411174 0.999665984611 -0.011126443927 -2.391882168163 0.980706635919 0.025041866574 0.193874699696 9.558242212507
2600000.000000000000 0.930555555556 1.395833333333 0.500000000000 0.500000000000 1920.000000000000 1080.000000000000 0.193639705692 -0.006531542531 -0.981050968774 4.417475290937 -0.023345175608 0.999664013641 -0.011263330150 -2.393403251844 0.980794915951 0.025083835081 0.193422165385 9.643613783801
2640000.000000000000 0.930555555556 1.395833333333 0.500000000000 0.500000000000 1920.000000000000 1080.000000000000 0.193038137951 -0.006498216213 -0.981169735817 4.433798919640 -0.023117109840 0.999670373451 -0.011168870855 -2.392949077548 0.980918893961 0.024837826588 0.192824287478 9.730403913209
2680000.000000000000 0.930555555556 1.395833333333 0.500000000000 0.500000000000 1920.000000000000 1080.000000000000 0.192512433092 -0.006643209995 -0.981272047327 4.451208449381 -0.023012662682 0.999671506751 -0.011282550502 -2.393281354240 0.981024658437 0.024753713873 0.192296316106 9.816560463471
2720000.000000000000 0.930555555556 1.395833333333 0.500000000000 0.500000000000 1920.000000000000 1080.000000000000 0.192073055575 -0.006613707130 -0.981358344439 4.469043655914 -0.023034008035 0.999671433986 -0.011245378876 -2.395371821169 0.981110277082 0.024764550273 0.191857606714 9.902162146469
2760000.000000000000 0.930555555556 1.395833333333 0.500000000000 0.500000000000 1920.000000000000 1080.000000000000 0.191310662077 -0.006307906291 -0.981509266841 4.482918534155 -0.022985495504 0.999676322976 -0.010904874045 -2.397578677204 0.981260361765 0.024646695514 0.191103748860 9.989587648940
2800000.000000000000 0.930555555556 1.395833333333 0.500000000000 0.500000000000 1920.000000000000 1080.000000000000 0.190490228924 -0.005893936526 -0.981671398278 4.495869992315 -0.023009921598 0.999680440971 -0.010467064963 -2.400937318197 0.981419388535 0.024582055510 0.190293737034 10.077210844348
2840000.000000000000 0.930555555556 1.395833333333 0.500000000000 0.500000000000 1920.000000000000 1080.000000000000 0.189802879013 -0.005698129469 -0.981805682627 4.510619370532 -0.023012731175 0.999682618226 -0.010250708257 -2.403669829136 0.981552485261 0.024539644179 0.189611509517 10.164241460890
2880000.000000000000 0.930555555556 1.395833333333 0.500000000000 0.500000000000 1920.000000000000 1080.000000000000 0.188958482010 -0.005502664848 -0.981969659794 4.523739230370 -0.023041417936 0.999684138546 -0.010035746041 -2.406849265004 0.981714716777 0.024522312670 0.188772008109 10.251946760807
2920000.000000000000 0.930555555556 1.395833333333 0.500000000000 0.500000000000 1920.000000000000 1080.000000000000 0.187974739186 -0.005464748162 -0.982158660276 4.535776938036 -0.022617180779 0.999695269093 -0.009891010419 -2.405038596142 0.981913418058 0.024072920077 0.187793860276 10.341332478118
2960000.000000000000 0.930555555556 1.395833333333 0.500000000000 0.500000000000 1920.000000000000 1080.000000000000 0.187189491229 -0.005543156834 -0.982308183711 4.550276584891 -0.022140048213 0.999706252633 -0.009860360595 -2.402436094061 0.982074290794 0.023594106430 0.187011779049 10.429839704277
3000000.000000000000 0.930555555556 1.395833333333 0.500000000000 0.500000000000 1920.000000000000 1080.000000000000 0.185891349837 -0.005584040659 -0.982554438464 4.559362928988 -0.022083146254 0.999707519906 -0.009859477425 -2.404507021632 0.982322116572 0.023530684935 0.185713667131 10.519642834737
3040000.000000000000 0.930555555556 1.395833333333 0.500000000000 0.500000000000 1920.000000000000 1080.000000000000 0.183224701782 -0.005019553145 -0.983058244838 4.552434734058 -0.022394562491 0.999706153244 -0.009278509435 -2.412283179661 0.982815950332 0.023715211421 0.183058451101 10.615031095119
3080000.000000000000 0.930555555556 1.395833333333 0.500000000000 0.500000000000 1920.000000000000 1080.000000000000 0.180546062898 -0.004318504308 -0.983557049536 4.545017028872 -0.022208524155 0.999717512942 -0.008466154545 -2.415111312514 0.983315768523 0.023371881363 0.180399153365 10.711637567888
3120000.000000000000 0.930555555556 1.395833333333 0.500000000000 0.500000000000 1920.000000000000 1080.000000000000 0.178479055798 -0.003752919293 -0.983936553970 4.544604284929 -0.022070673814 0.999725855444 -0.007816605087 -2.418064572462 0.983696148208 0.023111243032 0.178347297279 10.805138411566
3160000.000000000000 0.930555555556 1.395833333333 0.500000000000 0.500000000000 1920.000000000000 1080.000000000000 0.176091824078 -0.003031692579 -0.984369076278 4.540369255357 -0.022145208063 0.999729974006 -0.007040513759 -2.423738660587 0.984124615713 0.023038834916 0.175977137245 10.899535343024
