source:translation:configs/../inputs/sh0031_split-TR_.asci rotation:configs/../inputs/sh0031_split-ROT_.asci fps:25.0 fx:0.9305555555555556 fy:1.3958333333333333 cx:0.5 cy:0.5 width:1920 height:1080 unit_scale:0.5
0.000000000000 0.930555555556 1.395833333333 0.500000000000 0.500000000000 1920.000000000000 1080.000000000000 0.268893538147 0.010473066473 -0.963112963271 1.190894807776 -0.021849301174 0.999749890039 0.004771310668 -0.783384549325 0.962922049379 0.019760370592 0.269055114378 1.314803077195
40000.000000000000 0.930555555556 1.395833333333 0.500000000000 0.500000000000 1920.000000000000 1080.000000000000 0.268600218583 0.010288325291 -0.963196798655 1.199894743672 -0.022141105891 0.999744708462 0.004504368051 -0.783826370819 0.962997245067 0.020116368070 0.268759442119 1.339722809183
80000.000000000000 0.930555555556 1.395833333333 0.500000000000 0.500000000000 1920.000000000000 1080.000000000000 0.268332096094 0.010018098064 -0.963274376238 1.208986970641 -0.022316315685 0.999742217935 0.004180877134 -0.784010982987 0.963067945817 0.020374871547 0.268486491930 1.364700234941
120000.000000000000 0.930555555556 1.395833333333 0.500000000000 0.500000000000 1920.000000000000 1080.000000000000 0.268100893013 0.009892143272 -0.963340052457 1.218015297468 -0.022611202925 0.999736439232 0.003973106262 -0.784462600483 0.963125456349 0.020717084075 0.268253905394 1.389572706418
160000.000000000000 0.930555555556 1.395833333333 0.500000000000 0.500000000000 1920.000000000000 1080.000000000000 0.267773113654 0.009591793122 -0.963434251575 1.227027496526 -0.022808619564 0.999733317947 0.003613842956 -0.784579219437 0.963211984185 0.021006915339 0.267920478931 1.414633627025
200000.000000000000 0.930555555556 1.395833333333 0.500000000000 0.500000000000 1920.000000000000 1080.000000000000 0.267525482916 0.009337622864 -0.963505539574 1.236114657420 -0.022882632836 0.999732595181 0.003335153154 -0.784480050843 0.963279035952 0.021155305040 0.267667614708 1.439729257154
240000.000000000000 0.930555555556 1.395833333333 0.500000000000 0.500000000000 1920.000000000000 1080.000000000000 0.267104913305 0.009130345821 -0.963624201685 1.244888954392 -0.022965622374 0.999731428328 0.003106670723 -0.784347302239 0.963393764500 0.021300422512 0.267242860566 1.465088408106
280000.000000000000 0.930555555556 1.395833333333 0.500000000000 0.500000000000 1920.000000000000 1080.000000000000 0.266318468799 0.008958899421 -0.963843457880 1.253035081636 -0.023165711341 0.999727457240 0.002891549392 -0.784336048522 0.963606674424 0.021558046316 0.266453424907 1.490889813078
320000.000000000000 0.930555555556 1.395833333333 0.500000000000 0.500000000000 1920.000000000000 1080.000000000000 0.264343247868 0.009072413607 -0.964385990472 1.259017092393 -0.023169814452 0.999726879357 0.003053913855 -0.784187396155 0.964150303119 0.021537362952 0.264481256410 1.518536004681
360000.000000000000 0.930555555556 1.395833333333 0.500000000000 0.500000000000 1920.000000000000 1080.000000000000 0.262444749227 0.009178075534 -0.964903371604 1.264991801425 -0.022679075216 0.999737214391 0.003340914288 -0.783143623737 0.964680472048 0.021006310728 0.262583932790 1.546586094031
400000.000000000000 0.930555555556 1.395833333333 0.500000000000 0.500000000000 1920.000000000000 1080.000000000000 0.260857399070 0.009018189856 -0.965335221362 1.271528610902 -0.022621220886 0.999738900048 0.003226777905 -0.782468873264 0.965112272078 0.020995332380 0.260993291681 1.573944373050
440000.000000000000 0.930555555556 1.395833333333 0.500000000000 0.500000000000 1920.000000000000 1080.000000000000 0.258342749551 0.008464027685 -0.966016244165 1.276657389490 -0.022736184508 0.999737909749 0.002679127749 -0.781702315551 0.965785736936 0.021271390336 0.258467480130 1.602457031099
480000.000000000000 0.930555555556 1.395833333333 0.500000000000 0.500000000000 1920.000000000000 1080.000000000000 0.255755928232 0.007803671836 -0.966709888167 1.281524064455 -0.022756305399 0.999738940339 0.002049813109 -0.780661771353 0.966473515281 0.021474493593 0.255866743416 1.631290239964
520000.000000000000 0.930555555556 1.395833333333 0.500000000000 0.500000000000 1920.000000000000 1080.000000000000 0.253462005582 0.007558623314 -0.967315811377 1.286351018052 -0.023003588763 0.999733789982 0.001784396956 -0.780359268094 0.967071789802 0.021799458297 0.253568406919 1.659812200417
560000.000000000000 0.930555555556 1.395833333333 0.500000000000 0.500000000000 1920.000000000000 1080.000000000000 0.251431896741 0.007528696410 -0.967845710861 1.291244682231 -0.022772369718 0.999738944103 0.001860865702 -0.779446077452 0.967607058924 0.021572259365 0.251537705220 1.688617364425
600000.000000000000 0.930555555556 1.395833333333 0.500000000000 0.500000000000 1920.000000000000 1080.000000000000 0.249438606313 0.007411918591 -0.968362248925 1.296026985129 -0.022933634383 0.999735467369 0.001744619950 -0.779202484490 0.968119016493 0.021772890198 0.249542603893 1.717282393872
640000.000000000000 0.930555555556 1.395833333333 0.500000000000 0.500000000000 1920.000000000000 1080.000000000000 0.247568197220 0.007351775544 -0.968842577059 1.300733051415 -0.022537318438 0.999744332431 0.001827306809 -0.778095490729 0.968608309382 0.021382730623 0.247670591367 1.746513982136
680000.000000000000 0.930555555556 1.395833333333 0.500000000000 0.500000000000 1920.000000000000 1080.000000000000 0.246953842050 0.006756042602 -0.969003692349 1.307884841624 -0.021603084359 0.999765552924 0.001464900492 -0.775604650033 0.968786409196 0.020571705705 0.247041895802 1.774693168585
720000.000000000000 0.930555555556 1.395833333333 0.500000000000 0.500000000000 1920.000000000000 1080.000000000000 0.246414018800 0.006460445171 -0.969143123582 1.314739796583 -0.021705143331 0.999763759015 0.001145823898 -0.775362347404 0.968921574789 0.020753043334 0.246496030598 1.802312440038
760000.000000000000 0.930555555556 1.395833333333 0.500000000000 0.500000000000 1920.000000000000 1080.000000000000 0.245820447593 0.006187120327 -0.969295634514 1.321250451445 -0.022211637337 0.999753010956 0.000748499754 -0.776036963381 0.969060860169 0.021345646561 0.245897158708 1.830028390831
800000.000000000000 0.930555555556 1.395833333333 0.500000000000 0.500000000000 1920.000000000000 1080.000000000000 0.245343527245 0.005980904771 -0.969417754334 1.327699152694 -0.022586686666 0.999744786212 0.000451694829 -0.776674962228 0.969173047100 0.021785114663 0.245416001016 1.858054088621
840000.000000000000 0.930555555556 1.395833333333 0.500000000000 0.500000000000 1920.000000000000 1080.000000000000 0.244866137908 0.005749789100 -0.969539846748 1.333930650655 -0.022955896477 0.999736470085 0.000131146900 -0.777433942222 0.969285098061 0.022224542918 0.244933599919 1.886427737205
880000.000000000000 0.930555555556 1.395833333333 0.500000000000 0.500000000000 1920.000000000000 1080.000000000000 0.244514342686 0.005556737361 -0.969629753510 1.340155756055 -0.023536849193 0.999722948735 -0.000206160494 -0.778793562917 0.969359970780 0.022872438479 0.244577387767 1.914790487042
920000.000000000000 0.930555555556 1.395833333333 0.500000000000 0.500000000000 1920.000000000000 1080.000000000000 0.243891831800 0.005356953012 -0.969787645537 1.345632121950 -0.024318292658 0.999704090360 -0.000593599132 -0.780717430895 0.969497496141 0.023728353760 0.243949933807 1.943657469857
960000.000000000000 0.930555555556 1.395833333333 0.500000000000 0.500000000000 1920.000000000000 1080.000000000000 0.243208091027 0.004790417924 -0.969962306667 1.351053011481 -0.024606786998 0.999696447255 -0.001232631314 -0.781497815156 0.969661967127 0.024167441785 0.243252141336 1.973195827298
1000000.000000000000 0.930555555556 1.395833333333 0.500000000000 0.500000000000 1920.000000000000 1080.000000000000 0.242683389334 0.004273664686 -0.970096133552 1.356599607591 -0.024875334939 0.999688906291 -0.001818887177 -0.782415432765 0.969786569433 0.024572879950 0.242714200898 2.002735088861
1040000.000000000000 0.930555555556 1.395833333333 0.500000000000 0.500000000000 1920.000000000000 1080.000000000000 0.242118408584 0.003747023265 -0.970239473554 1.361946761689 -0.025074727176 0.999682706987 -0.002396541001 -0.783313295328 0.969922643452 0.024908736788 0.242135541691 2.032533593393
1080000.000000000000 0.930555555556 1.395833333333 0.500000000000 0.500000000000 1920.000000000000 1080.000000000000 0.240863470890 0.002710111448 -0.970555224439 1.366102275934 -0.025380170597 0.999671719350 -0.003507203016 -0.784137513647 0.970227105028 0.025477614261 0.240853183164 2.063242775311
1120000.000000000000 0.930555555556 1.395833333333 0.500000000000 0.500000000000 1920.000000000000 1080.000000000000 0.239063052004 0.001687053802 -0.971002580334 1.368971221145 -0.026013262840 0.999650700377 -0.004667696651 -0.785811702883 0.970655534844 0.026374819148 0.239023433144 2.094534345003
1160000.000000000000 0.930555555556 1.395833333333 0.500000000000 0.500000000000 1920.000000000000 1080.000000000000 0.236689934593 0.000925869904 -0.971584796931 1.370293852859 -0.026690693030 0.999628335438 -0.005549585187 -0.787945328080 0.971218555099 0.027245802523 0.236626677442 2.126689380442
1200000.000000000000 0.930555555556 1.395833333333 0.500000000000 0.500000000000 1920.000000000000 1080.000000000000 0.234208221223 0.000288744957 -0.972186415117 1.371181746833 -0.027062942654 0.999614362535 -0.006222808671 -0.789620938136 0.971809706808 0.027767658151 0.234125716047 2.159292821149
1240000.000000000000 0.930555555556 1.395833333333 0.500000000000 0.500000000000 1920.000000000000 1080.000000000000 0.231767340721 0.000096069873 -0.972771242660 1.371746808853 -0.027511115286 0.999600649989 -0.006455933571 -0.791916349858 0.972382146232 0.028258296359 0.231677427421 2.191857507082
1280000.000000000000 0.930555555556 1.395833333333 0.500000000000 0.500000000000 1920.000000000000 1080.000000000000 0.228769642800 0.000432670704 -0.973480489445 1.370558034091 -0.027854910632 0.999593354067 -0.006101676674 -0.794489834432 0.973081987546 0.028512090428 0.228688666559 2.225373818941
1320000.000000000000 0.930555555556 1.395833333333 0.500000000000 0.500000000000 1920.000000000000 1080.000000000000 0.224781259901 0.000432754881 -0.974409153241 1.367173873430 -0.027944213001 0.999591462849 -0.006002362869 -0.796236821111 0.974008473350 0.028578315616 0.224701521400 2.260430565174
1360000.000000000000 0.930555555556 1.395833333333 0.500000000000 0.500000000000 1920.000000000000 1080.000000000000 0.220845855224 0.000095554890 -0.975308719893 1.363965764182 -0.027584623862 0.999600564055 -0.006148241068 -0.796627310240 0.974918559038 0.028261337745 0.220760277296 2.295697912255
1400000.000000000000 0.930555555556 1.395833333333 0.500000000000 0.500000000000 1920.000000000000 1080.000000000000 0.217016153251 -0.000452752873 -0.976167907812 1.360959753615 -0.027880508321 0.999589064048 -0.006661853391 -0.798338996161 0.975769781498 0.028661787273 0.216914350532 2.330201838722
1440000.000000000000 0.930555555556 1.395833333333 0.500000000000 0.500000000000 1920.000000000000 1080.000000000000 0.213646587858 -0.000856032113 -0.976910642129 1.358754491822 -0.028019340114 0.999582845931 -0.007003620526 -0.799742597368 0.976509115204 0.028868691170 0.213533478859 2.364143340090
1480000.000000000000 0.930555555556 1.395833333333 0.500000000000 0.500000000000 1920.000000000000 1080.000000000000 0.210892304873 -0.001142025233 -0.977508635012 1.357781515513 -0.027640100005 0.999592503609 -0.007131030877 -0.799892354898 0.977118447588 0.028522315965 0.210774801328 2.397582562564
1520000.000000000000 0.930555555556 1.395833333333 0.500000000000 0.500000000000 1920.000000000000 1080.000000000000 0.208475230650 -0.001491062648 -0.978026510345 1.357517457303 -0.026801428742 0.999614580763 -0.007236942892 -0.798725343222 0.977660350849 0.027721231163 0.208354917677 2.430820452667
1560000.000000000000 0.930555555556 1.395833333333 0.500000000000 0.500000000000 1920.000000000000 1080.000000000000 0.206383532775 -0.002094970631 -0.978468930778 1.358088136440 -0.025907492022 0.999635417775 -0.007604826619 -0.797044957461 0.978128130286 0.026919187001 0.206254013572 2.463506301062
1600000.000000000000 0.930555555556 1.395833333333 0.500000000000 0.500000000000 1920.000000000000 1080.000000000000 0.205089515907 -0.002580821958 -0.978739817226 1.360450015931 -0.025286401944 0.999648758457 -0.007934582064 -0.795979169334 0.978416520886 0.026376108012 0.204952220247 2.494759182309
1640000.000000000000 0.930555555556 1.395833333333 0.500000000000 0.500000000000 1920.000000000000 1080.000000000000 0.203308768701 -0.002627371147 -0.979111148691 1.361089460910 -0.025930080861 0.999631211469 -0.008066719519 -0.798408677484 0.978771257994 0.027028466070 0.203165662812 2.525604413547
1680000.000000000000 0.930555555556 1.395833333333 0.500000000000 0.500000000000 1920.000000000000 1080.000000000000 0.201703161545 -0.002411339295 -0.979443729913 1.361822234511 -0.026277060135 0.999623699711 -0.007872425722 -0.800209322539 0.979094148044 0.027324794947 0.201563897679 2.556372395187
1720000.000000000000 0.930555555556 1.395833333333 0.500000000000 0.500000000000 1920.000000000000 1080.000000000000 0.201079274906 -0.002683253101 -0.979571296719 1.365352815334 -0.025810941961 0.999634538246 -0.008036493101 -0.799348600196 0.979234864820 0.026899630092 0.200936530832 2.586271717911
1760000.000000000000 0.930555555556 1.395833333333 0.500000000000 0.500000000000 1920.000000000000 1080.000000000000 0.200767699114 -0.003057940486 -0.979634105160 1.369683392419 -0.025510965551 0.999639680474 -0.008348644114 -0.798714981159 0.979306653520 0.026667549979 0.200617347577 2.615492439690
1800000.000000000000 0.930555555556 1.395833333333 0.500000000000 0.500000000000 1920.000000000000 1080.000000000000 0.200334943118 -0.003372454145 -0.979721663086 1.373544989956 -0.025715442973 0.999631450991 -0.008699320794 -0.799394158646 0.979389925698 0.026936754493 0.200174385721 2.644393768215
1840000.000000000000 0.930555555556 1.395833333333 0.500000000000 0.500000000000 1920.000000000000 1080.000000000000 0.200013424862 -0.003631424655 -0.979786427049 1.377578398679 -0.026150371266 0.999617115501 -0.009043256073 -0.800687555938 0.979444121917 0.027430551447 0.199841879719 2.672878647212
1880000.000000000000 0.930555555556 1.395833333333 0.500000000000 0.500000000000 1920.000000000000 1080.000000000000 0.199816025978 -0.003938719097 -0.979825516229 1.381921184835 -0.026419869468 0.999606681054 -0.009406045357 -0.801453264893 0.979477180061 0.027766340844 0.199633374104 2.701241115004
1920000.000000000000 0.930555555556 1.395833333333 0.500000000000 0.500000000000 1920.000000000000 1080.000000000000 0.199609125177 -0.004365949658 -0.979865876347 1.386285714995 -0.026234815713 0.999607787705 -0.009798224558 -0.800833188291 0.979524339458 0.027662415721 0.199416296139 2.729897890085
1960000.000000000000 0.930555555556 1.395833333333 0.500000000000 0.500000000000 1920.000000000000 1080.000000000000 0.199574146769 -0.004851791449 -0.979870715993 1.391174105504 -0.025875705936 0.999612927346 -0.010219751671 -0.799643482765 0.979541018939 0.027394444723 0.199371353546 2.758369353128
2000000.000000000000 0.930555555556 1.395833333333 0.500000000000 0.500000000000 1920.000000000000 1080.000000000000 0.199438388493 -0.005277249783 -0.979896157677 1.395773854432 -0.025342652925 0.999623242559 -0.010541483726 -0.797992856054 0.979582604551 0.026935544754 0.199229509086 2.787057390669
2040000.000000000000 0.930555555556 1.395833333333 0.500000000000 0.500000000000 1920.000000000000 1080.000000000000 0.199369520255 -0.005627067247 -0.979908225553 1.400596025861 -0.025335934792 0.999619621904 -0.010895040699 -0.797904489825 0.979596797055 0.026999029942 0.199151117448 2.815156549018
2080000.000000000000 0.930555555556 1.395833333333 0.500000000000 0.500000000000 1920.000000000000 1080.000000000000 0.199246128148 -0.005999484999 -0.979931113190 1.405410734737 -0.025186863767 0.999619556450 -0.011241185703 -0.797418813483 0.979625746044 0.026921154176 0.199019218033 2.843378473233
2120000.000000000000 0.930555555556 1.395833333333 0.500000000000 0.500000000000 1920.000000000000 1080.000000000000 0.199034454148 -0.006240751582 -0.979972621598 1.410048942686 -0.025115844758 0.999618779107 -0.011466943751 -0.797308639004 0.979670597907 0.026895157121 0.198801836307 2.871620366967
2160000.000000000000 0.930555555556 1.395833333333 0.500000000000 0.500000000000 1920.000000000000 1080.000000000000 0.198823892852 -0.006444653189 -0.980014043816 1.414878993134 -0.024965053071 0.999620574173 -0.011638462765 -0.797040942469 0.979717207033 0.026780107088 0.198587562823 2.899880710319
2200000.000000000000 0.930555555556 1.395833333333 0.500000000000 0.500000000000 1920.000000000000 1080.000000000000 0.198499656117 -0.006445669805 -0.980079761990 1.419469279412 -0.024806884719 0.999624976840 -0.011598454592 -0.796967408792 0.979786969189 0.026615014919 0.198265317161 2.928300625298
2240000.000000000000 0.930555555556 1.395833333333 0.500000000000 0.500000000000 1920.000000000000 1080.000000000000 0.198200445587 -0.006502582004 -0.980139938884 1.424440231213 -0.024352685440 0.999636631639 -0.011556443961 -0.795998171657 0.979858933766 0.026159531961 0.197970070482 2.956892678154
2280000.000000000000 0.930555555556 1.395833333333 0.500000000000 0.500000000000 1920.000000000000 1080.000000000000 0.197876489783 -0.006655013154 -0.980204369298 1.429679194535 -0.023934662155 0.999646005467 -0.011618765028 -0.795082948901 0.979934705344 0.025759940861 0.197647157096 2.985465441979
2320000.000000000000 0.930555555556 1.395833333333 0.500000000000 0.500000000000 1920.000000000000 1080.000000000000 0.197490501264 -0.006879570072 -0.980280660539 1.435047113453 -0.023762568888 0.999647955471 -0.011802772679 -0.794881962827 0.980016756097 0.025624922219 0.197257499556 3.013914773856
2360000.000000000000 0.930555555556 1.395833333333 0.500000000000 0.500000000000 1920.000000000000 1080.000000000000 0.197099320503 -0.007082003201 -0.980357946409 1.440631209484 -0.023757126939 0.999645764713 -0.011997666898 -0.795237026932 0.980095636546 0.025655220172 0.196861252919 3.042240223646
2400000.000000000000 0.930555555556 1.395833333333 0.500000000000 0.500000000000 1920.000000000000 1080.000000000000 0.196643914758 -0.007121597620 -0.980449108132 1.446115622412 -0.023697661216 0.999646980399 -0.012013968222 -0.795579181693 0.980188549026 0.025596824547 0.196405730394 3.070729186633
2440000.000000000000 0.930555555556 1.395833333333 0.500000000000 0.500000000000 1920.000000000000 1080.000000000000 0.196027700344 -0.006867535950 -0.980574310110 1.451057663370 -0.023312111151 0.999660219069 -0.011661555798 -0.795145544462 0.980321215812 0.025145245275 0.195800997108 3.099764288842
2480000.000000000000 0.930555555556 1.395833333333 0.500000000000 0.500000000000 1920.000000000000 1080.000000000000 0.195328423918 -0.006447185947 -0.980716697422 1.455744487470 -0.023273365228 0.999666320084 -0.011207094188 -0.795941048415 0.980461706178 0.025013641928 0.195113199033 3.128671126662
2520000.000000000000 0.930555555556 1.395833333333 0.500000000000 0.500000000000 1920.000000000000 1080.000000000000 0.194635492592 -0.006216985254 -0.980855939533 1.460674804980 -0.023285794794 0.999668803894 -0.010956928454 -0.796741446971 0.980599202929 0.024972617297 0.194426262632 3.157514552562
2560000.000000000000 0.930555555556 1.395833333333 0.500000000000 0.500000000000 1920.000000000000 1080.000000000000 0.194088569487 -0.006389376432 -0.980963201687 1.466420667795 -0.023326411174 0.999665984611 -0.011126443927 -0.797294056054 0.980706635919 0.025041866574 0.193874699696 3.186080737502
2600000.000000000000 0.930555555556 1.395833333333 0.500000000000 0.500000000000 1920.000000000000 1080.000000000000 0.193639705692 -0.006531542531 -0.981050968774 1.472491763646 -0.023345175608 0.999664013641 -0.011263330150 -0.797801083948 0.980794915951 0.025083835081 0.193422165385 3.214537927934
2640000.000000000000 0.930555555556 1.395833333333 0.500000000000 0.500000000000 1920.000000000000 1080.000000000000 0.193038137951 -0.006498216213 -0.981169735817 1.477932973213 -0.023117109840 0.999670373451 -0.011168870855 -0.797649692516 0.980918893961 0.024837826588 0.192824287478 3.243467971070
2680000.000000000000 0.930555555556 1.395833333333 0.500000000000 0.500000000000 1920.000000000000 1080.000000000000 0.192512433092 -0.006643209995 -0.981272047327 1.483736149794 -0.023012662682 0.999671506751 -0.011282550502 -0.797760451413 0.981024658437 0.024753713873 0.192296316106 3.272186821157
2720000.000000000000 0.930555555556 1.395833333333 0.500000000000 0.500000000000 1920.000000000000 1080.000000000000 0.192073055575 -0.006613707130 -0.981358344439 1.489681218638 -0.023034008035 0.999671433986 -0.011245378876 -0.798457273723 0.981110277082 0.024764550273 0.191857606714 3.300720715490
2760000.000000000000 0.930555555556 1.395833333333 0.500000000000 0.500000000000 1920.000000000000 1080.000000000000 0.191310662077 -0.006307906291 -0.981509266841 1.494306178052 -0.022985495504 0.999676322976 -0.010904874045 -0.799192892401 0.981260361765 0.024646695514 0.191103748860 3.329862549647
2800000.000000000000 0.930555555556 1.395833333333 0.500000000000 0.500000000000 1920.000000000000 1080.000000000000 0.190490228924 -0.005893936526 -0.981671398278 1.498623330772 -0.023009921598 0.999680440971 -0.010467064963 -0.800312439399 0.981419388535 0.024582055510 0.190293737034 3.359070281449
2840000.000000000000 0.930555555556 1.395833333333 0.500000000000 0.500000000000 1920.000000000000 1080.000000000000 0.189802879013 -0.005698129469 -0.981805682627 1.503539790177 -0.023012731175 0.999682618226 -0.010250708257 -0.801223276379 0.981552485261 0.024539644179 0.189611509517 3.388080486963
2880000.000000000000 0.930555555556 1.395833333333 0.500000000000 0.500000000000 1920.000000000000 1080.000000000000 0.188958482010 -0.005502664848 -0.981969659794 1.507913076790 -0.023041417936 0.999684138546 -0.010035746041 -0.802283088335 0.981714716777 0.024522312670 0.188772008109 3.417315586936
2920000.000000000000 0.930555555556 1.395833333333 0.500000000000 0.500000000000 1920.000000000000 1080.000000000000 0.187974739186 -0.005464748162 -0.982158660276 1.511925646012 -0.022617180779 0.999695269093 -0.009891010419 -0.801679532047 0.981913418058 0.024072920077 0.187793860276 3.447110826039
2960000.000000000000 0.930555555556 1.395833333333 0.500000000000 0.500000000000 1920.000000000000 1080.000000000000 0.187189491229 -0.005543156834 -0.982308183711 1.516758861630 -0.022140048213 0.999706252633 -0.009860360595 -0.800812031354 0.982074290794 0.023594106430 0.187011779049 3.476613234759
3000000.000000000000 0.930555555556 1.395833333333 0.500000000000 0.500000000000 1920.000000000000 1080.000000000000 0.185891349837 -0.005584040659 -0.982554438464 1.519787642996 -0.022083146254 0.999707519906 -0.009859477425 -0.801502340544 0.982322116572 0.023530684935 0.185713667131 3.506547611579
3040000.000000000000 0.930555555556 1.395833333333 0.500000000000 0.500000000000 1920.000000000000 1080.000000000000 0.183224701782 -0.005019553145 -0.983058244838 1.517478244686 -0.022394562491 0.999706153244 -0.009278509435 -0.804094393220 0.982815950332 0.023715211421 0.183058451101 3.538343698373
3080000.000000000000 0.930555555556 1.395833333333 0.500000000000 0.500000000000 1920.000000000000 1080.000000000000 0.180546062898 -0.004318504308 -0.983557049536 1.515005676291 -0.022208524155 0.999717512942 -0.008466154545 -0.805037104171 0.983315768523 0.023371881363 0.180399153365 3.570545855963
3120000.000000000000 0.930555555556 1.395833333333 0.500000000000 0.500000000000 1920.000000000000 1080.000000000000 0.178479055798 -0.003752919293 -0.983936553970 1.514868094976 -0.022070673814 0.999725855444 -0.007816605087 -0.806021524154 0.983696148208 0.023111243032 0.178347297279 3.601712803855
3160000.000000000000 0.930555555556 1.395833333333 0.500000000000 0.500000000000 1920.000000000000 1080.000000000000 0.176091824078 -0.003031692579 -0.984369076278 1.513456418452 -0.022145208063 0.999729974006 -0.007040513759 -0.807912886862 0.984124615713 0.023038834916 0.175977137245 3.633178447675
